,date,store_nbr,family,sales,onpromotion,oil_price,Additional_Local,Additional_National,Bridge_National,Event_National,Holiday_Local,Holiday_National,Holiday_Regional,Moved_Local,Moved_National,Transfer_Local,Transfer_National,day_of_month,day_of_week,month,year,sales_lag16,sales_lag21,sales_window7_lag21,sales_lag30,sales_window9_lag30,sales_lag60,sales_window11_lag60,sales_lag90,sales_window13_lag90,sales_lag181,sales_window15_lag181,sales_lag363,sales_window17_lag363
666003,2014-01-10,45,Produce,5498.532,0,92.39,0.0,0.0,0.0,0.0,0.0,0.0,0.0,0.0,0.0,0.0,0.0,10,4,1,2014,25.0,10.0,26.857142857142858,7.0,23.77777777777778,47.0,13.0,0.0,9.153846153846153,12.0,22.733333333333334,0.0,0.0
667785,2014-01-11,45,Produce,8372.299,0,92.07666666666667,0.0,0.0,0.0,0.0,0.0,0.0,0.0,0.0,0.0,0.0,0.0,11,5,1,2014,39.0,21.0,29.285714285714285,5.0,28.555555555555557,33.0,15.818181818181818,0.0,8.846153846153847,26.0,23.866666666666667,0.0,0.0
669567,2014-01-12,45,Produce,9778.278,0,91.76333333333334,0.0,0.0,0.0,0.0,0.0,0.0,0.0,0.0,0.0,0.0,0.0,12,6,1,2014,20.0,55.0,30.142857142857142,9.0,25.77777777777778,5.0,20.272727272727273,20.0,6.3076923076923075,79.0,26.666666666666668,0.0,0.0
671349,2014-01-13,45,Produce,5678.655,0,91.45,0.0,0.0,0.0,0.0,0.0,0.0,0.0,0.0,0.0,0.0,0.0,13,0,1,2014,45.0,60.0,35.142857142857146,10.0,20.444444444444443,5.0,23.09090909090909,33.0,10.692307692307692,30.0,25.333333333333332,0.0,0.0
673131,2014-01-14,45,Produce,4681.457,0,92.15,0.0,0.0,0.0,0.0,0.0,0.0,0.0,0.0,0.0,0.0,0.0,14,1,1,2014,52.0,36.0,36.57142857142857,26.0,17.0,4.0,22.636363636363637,1.0,12.615384615384615,7.0,22.333333333333332,0.0,0.0
674913,2014-01-15,45,Produce,7990.5938,0,93.78,0.0,0.0,0.0,0.0,0.0,0.0,0.0,0.0,0.0,0.0,0.0,15,2,1,2014,61.0,25.0,40.0,54.0,17.333333333333332,9.0,21.0,6.0,12.76923076923077,6.0,22.733333333333334,0.0,0.0
676695,2014-01-16,45,Produce,4598.604,0,93.54,0.0,0.0,0.0,0.0,0.0,0.0,0.0,0.0,0.0,0.0,0.0,16,3,1,2014,75.0,39.0,39.57142857142857,19.0,19.11111111111111,33.0,17.272727272727273,1.0,13.076923076923077,6.0,23.133333333333333,0.0,0.0
678477,2014-01-17,45,Produce,5803.974,0,93.96,0.0,0.0,0.0,0.0,0.0,0.0,0.0,0.0,0.0,0.0,0.0,17,4,1,2014,49.0,20.0,39.714285714285715,19.0,24.22222222222222,50.0,14.727272727272727,9.0,13.538461538461538,10.0,24.0,0.0,0.0
680259,2014-01-18,45,Produce,8309.75,0,94.0975,0.0,0.0,0.0,0.0,0.0,0.0,0.0,0.0,0.0,0.0,0.0,18,5,1,2014,8987.55,45.0,45.285714285714285,4.0,29.77777777777778,39.0,16.90909090909091,10.0,14.461538461538462,35.0,26.066666666666666,0.0,0.0
682041,2014-01-19,45,Produce,10126.647,0,94.235,0.0,0.0,0.0,0.0,0.0,0.0,0.0,0.0,0.0,0.0,0.0,19,6,1,2014,6872.395,52.0,48.714285714285715,10.0,30.88888888888889,5.0,21.727272727272727,59.0,14.923076923076923,73.0,28.666666666666668,0.0,0.0
683823,2014-01-20,45,Produce,5373.016,0,94.3725,0.0,0.0,0.0,0.0,0.0,0.0,0.0,0.0,0.0,0.0,0.0,20,0,1,2014,10688.364,61.0,1327.0785714285714,21.0,27.666666666666668,1.0,24.727272727272727,25.0,16.846153846153847,38.0,25.6,0.0,0.0
685605,2014-01-21,45,Produce,4741.281,0,94.51,0.0,0.0,0.0,0.0,0.0,0.0,0.0,0.0,0.0,0.0,0.0,21,1,1,2014,10709.55,75.0,2305.992142857143,55.0,29.88888888888889,6.0,24.363636363636363,2.0,18.846153846153847,2.0,23.8,0.0,0.0
687387,2014-01-22,45,Produce,7470.286,0,96.35,0.0,0.0,0.0,0.0,0.0,0.0,0.0,0.0,0.0,0.0,0.0,22,2,1,2014,6300.912,49.0,3826.4727142857146,60.0,30.0,5.0,21.636363636363637,4.0,18.846153846153847,9.0,23.866666666666667,0.0,0.0
689169,2014-01-23,45,Produce,4230.58,0,97.23,0.0,0.0,0.0,0.0,0.0,0.0,0.0,0.0,0.0,0.0,0.0,23,3,1,2014,5054.787,8987.55,5348.979857142856,36.0,34.55555555555556,29.0,18.181818181818183,6.0,18.846153846153847,12.0,24.2,0.0,0.0
690951,2014-01-24,45,Produce,5657.951,0,96.66,0.0,0.0,0.0,0.0,0.0,0.0,0.0,0.0,0.0,0.0,0.0,24,4,1,2014,9364.937,6872.395,6240.3958571428575,25.0,39.22222222222222,58.0,16.727272727272727,12.0,18.46153846153846,15.0,24.4,0.0,0.0
692733,2014-01-25,45,Produce,7862.408,0,96.38,0.0,0.0,0.0,0.0,0.0,0.0,0.0,0.0,0.0,0.0,0.0,25,5,1,2014,4663.003,10688.364,6951.794,39.0,43.666666666666664,37.0,18.181818181818183,26.0,18.0,43.0,25.933333333333334,0.0,0.0
694515,2014-01-26,45,Produce,9431.968,0,96.1,0.0,0.0,0.0,0.0,0.0,0.0,0.0,0.0,0.0,0.0,0.0,26,6,1,2014,5498.532,10709.55,8282.642142857143,20.0,45.888888888888886,5.0,22.272727272727273,58.0,16.923076923076923,65.0,26.266666666666666,0.0,0.0
696297,2014-01-27,45,Produce,5080.866,0,95.82,0.0,0.0,0.0,0.0,0.0,0.0,0.0,0.0,0.0,0.0,0.0,27,0,1,2014,8372.299,6300.912,7664.849714285714,45.0,44.666666666666664,3.0,25.0,27.0,20.692307692307693,33.0,23.933333333333334,0.0,0.0
698079,2014-01-28,45,Produce,4518.769,0,97.49,0.0,0.0,0.0,0.0,0.0,0.0,0.0,0.0,0.0,0.0,0.0,28,1,1,2014,9778.278,5054.787,7468.583571428571,52.0,1039.2833333333333,12.0,24.90909090909091,6.0,22.846153846153847,3.0,21.6,0.0,0.0
699861,2014-01-29,45,Produce,7081.85,0,97.34,0.0,0.0,0.0,0.0,0.0,0.0,0.0,0.0,0.0,0.0,0.0,29,2,1,2014,5678.655,9364.937,7137.717142857143,61.0,1800.105,23.0,23.0,1.0,22.692307692307693,8.0,21.733333333333334,0.0,0.0
701643,2014-01-30,45,Produce,4219.387,0,98.25,0.0,0.0,0.0,0.0,0.0,0.0,0.0,0.0,0.0,0.0,0.0,30,3,1,2014,4681.457,4663.003,7004.678285714287,75.0,2983.367666666667,21.0,18.636363636363637,4.0,22.307692307692307,11.0,21.666666666666668,0.0,0.0
703425,2014-01-31,45,Produce,5501.653,0,97.55,0.0,0.0,0.0,0.0,0.0,0.0,0.0,0.0,0.0,0.0,0.0,31,4,1,2014,7990.5938,5498.532,6915.784428571429,49.0,4171.095444444444,46.0,16.272727272727273,4.0,22.0,9.0,21.6,0.0,0.0
705207,2014-02-01,45,Produce,52.0,0,97.17999999999999,0.0,0.0,0.0,0.0,0.0,0.0,0.0,0.0,0.0,0.0,0.0,1,5,2,2014,4598.604,8372.299,6862.451571428572,8987.55,4866.196777777778,36.0,19.818181818181817,45.0,20.76923076923077,33.0,22.4,0.0,0.0
706989,2014-02-02,45,Produce,32.0,0,96.81,0.0,0.0,0.0,0.0,0.0,0.0,0.0,0.0,0.0,0.0,0.0,2,6,2,2014,5803.974,9778.278,6666.116828571429,6872.395,5422.062,4.0,25.636363636363637,74.0,17.76923076923077,40.0,23.466666666666665,0.0,0.0
708771,2014-02-03,45,Produce,3.0,0,96.44,0.0,0.0,0.0,0.0,0.0,0.0,0.0,0.0,0.0,0.0,0.0,3,0,2,2014,8309.75,5678.655,6656.916971428572,10688.364,6455.832777777778,8.0,27.727272727272727,30.0,19.307692307692307,38.0,22.466666666666665,0.0,0.0
710553,2014-02-04,45,Produce,8.0,0,97.24,0.0,0.0,0.0,0.0,0.0,0.0,0.0,0.0,0.0,0.0,0.0,4,1,2,2014,10126.647,4681.457,6700.551542857143,10709.55,6965.610888888888,10.0,26.272727272727273,2.0,21.384615384615383,3.0,20.6,0.0,0.0
712335,2014-02-05,45,Produce,5.0,0,97.4,0.0,0.0,0.0,0.0,0.0,0.0,0.0,0.0,0.0,0.0,0.0,5,2,2,2014,5373.016,7990.5938,6691.615971428572,6300.912,7571.114444444444,11.0,24.818181818181817,1.0,21.692307692307693,4.0,20.866666666666667,0.0,0.0
714117,2014-02-06,45,Produce,10.0,0,97.84,0.0,0.0,0.0,0.0,0.0,0.0,0.0,0.0,0.0,0.0,0.0,6,3,2,2014,4741.281,4598.604,6741.382971428572,5054.787,7502.753222222222,44.0,21.454545454545453,8.0,21.76923076923077,8.0,20.8,0.0,0.0
715899,2014-02-07,45,Produce,25.0,0,99.98,0.0,0.0,0.0,0.0,0.0,0.0,0.0,0.0,0.0,0.0,0.0,7,4,2,2014,7470.286,5803.974,6697.720257142857,9364.937,7825.62911111111,67.0,19.09090909090909,10.0,21.76923076923077,11.0,20.6,0.0,0.0
717681,2014-02-08,45,Produce,40.0,0,100.02666666666667,0.0,0.0,0.0,0.0,0.0,0.0,0.0,0.0,0.0,0.0,0.0,8,5,2,2014,4230.58,8309.75,6706.266542857144,4663.003,7268.994777777778,35.0,21.09090909090909,19.0,19.0,27.0,22.4,0.0,0.0
719463,2014-02-09,45,Produce,33.0,0,100.07333333333334,0.0,0.0,0.0,0.0,0.0,0.0,0.0,0.0,0.0,0.0,0.0,9,6,2,2014,5657.951,10126.647,6631.936857142858,5498.532,6599.206666666667,7.0,25.272727272727273,47.0,15.846153846153847,59.0,24.6,0.0,0.0
721245,2014-02-10,45,Produce,4.0,0,100.12,0.0,0.0,0.0,0.0,0.0,0.0,0.0,0.0,0.0,0.0,0.0,10,0,2,2014,7862.408,5373.016,6579.362,8372.299,6786.949088888889,5.0,26.09090909090909,33.0,17.384615384615383,50.0,23.933333333333334,0.0,0.0
723027,2014-02-11,45,Produce,4.0,0,99.96,0.0,0.0,0.0,0.0,0.0,0.0,0.0,0.0,0.0,0.0,0.0,11,1,2,2014,9431.968,4741.281,6558.501571428571,9778.278,6736.262088888889,9.0,26.818181818181817,5.0,20.23076923076923,5.0,21.8,0.0,0.0
724809,2014-02-12,45,Produce,5.0,0,100.38,0.0,0.0,0.0,0.0,0.0,0.0,0.0,0.0,0.0,0.0,0.0,12,2,2,2014,5080.866,7470.286,6494.595571428572,5678.655,6340.599533333333,10.0,23.181818181818183,5.0,20.53846153846154,7.0,22.0,0.0,0.0
726591,2014-02-13,45,Produce,13.0,0,100.27,0.0,0.0,0.0,0.0,0.0,0.0,0.0,0.0,0.0,0.0,0.0,13,3,2,2014,4518.769,4230.58,6395.355714285714,4681.457,6745.793644444445,26.0,18.0,4.0,20.0,7.0,22.333333333333332,0.0,0.0
728373,2014-02-14,45,Produce,29.0,0,100.31,0.0,0.0,0.0,0.0,0.0,0.0,0.0,0.0,0.0,0.0,0.0,14,4,2,2014,7081.85,5657.951,6353.620000000001,7990.5938,7260.0286444444455,54.0,16.727272727272727,9.0,19.692307692307693,8.0,22.4,0.0,0.0
730155,2014-02-15,45,Produce,65.0,0,100.8675,0.0,0.0,0.0,0.0,0.0,0.0,0.0,0.0,0.0,0.0,0.0,15,5,2,2014,4219.387,7862.408,6321.832571428572,4598.604,6926.774977777778,19.0,21.09090909090909,33.0,18.615384615384617,36.0,23.933333333333334,0.0,0.0
731937,2014-02-16,45,Produce,29.0,0,101.42500000000001,0.0,0.0,0.0,0.0,0.0,0.0,0.0,0.0,0.0,0.0,0.0,16,6,2,2014,5501.653,9431.968,6266.341714285714,5803.974,6367.108644444445,19.0,26.09090909090909,50.0,17.23076923076923,66.0,26.466666666666665,0.0,0.0
733719,2014-02-17,45,Produce,4.0,0,101.9825,0.0,0.0,0.0,0.0,0.0,0.0,0.0,0.0,0.0,0.0,0.0,17,0,2,2014,52.0,5080.866,6264.742714285715,8309.75,6566.178755555556,4.0,28.545454545454547,39.0,19.153846153846153,30.0,24.666666666666668,0.0,0.0
735501,2014-02-18,45,Produce,2.0,0,102.54,0.0,0.0,0.0,0.0,0.0,0.0,0.0,0.0,0.0,0.0,0.0,18,1,2,2014,32.0,4518.769,6242.414428571429,10126.647,6516.081311111111,10.0,29.90909090909091,5.0,21.615384615384617,6.0,21.533333333333335,0.0,0.0
737283,2014-02-19,45,Produce,4.0,0,103.46,0.0,0.0,0.0,0.0,0.0,0.0,0.0,0.0,0.0,0.0,0.0,19,2,2,2014,3.0,7081.85,5126.641857142858,5373.016,6256.8987777777775,21.0,31.09090909090909,1.0,21.615384615384617,6.0,21.666666666666668,0.0,0.0
739065,2014-02-20,45,Produce,6.0,0,103.2,0.0,0.0,0.0,0.0,0.0,0.0,0.0,0.0,0.0,0.0,0.0,20,3,2,2014,8.0,4219.387,3783.789285714286,4741.281,6619.543666666667,55.0,28.0,6.0,21.53846153846154,9.0,21.8,0.0,0.0
740847,2014-02-21,45,Produce,34.0,0,102.53,0.0,0.0,0.0,0.0,0.0,0.0,0.0,0.0,0.0,0.0,0.0,21,4,2,2014,5.0,5501.653,3058.379857142857,7470.286,7022.654111111111,60.0,30.363636363636363,5.0,21.76923076923077,9.0,22.333333333333332,0.0,0.0
742629,2014-02-22,45,Produce,65.0,0,102.74333333333334,0.0,0.0,0.0,0.0,0.0,0.0,0.0,0.0,0.0,0.0,0.0,22,5,2,2014,10.0,52.0,2413.9842857142858,4230.58,6663.889222222223,36.0,33.36363636363637,29.0,21.0,34.0,25.2,0.0,0.0
744411,2014-02-23,45,Produce,29.0,0,102.95666666666666,0.0,0.0,0.0,0.0,0.0,0.0,0.0,0.0,0.0,0.0,0.0,23,6,2,2014,25.0,32.0,1403.0057142857145,5657.951,6040.791666666667,25.0,38.54545454545455,58.0,18.76923076923077,65.0,26.066666666666666,0.0,0.0
746193,2014-02-24,45,Produce,4.0,0,103.17,0.0,0.0,0.0,0.0,0.0,0.0,0.0,0.0,0.0,0.0,0.0,24,0,2,2014,40.0,3.0,801.6647142857144,7862.408,6230.662111111112,39.0,44.45454545454545,37.0,19.307692307692307,32.0,23.733333333333334,0.0,0.0
747975,2014-02-25,45,Produce,4.0,0,102.2,0.0,0.0,0.0,0.0,0.0,0.0,0.0,0.0,0.0,0.0,0.0,25,1,2,2014,33.0,8.0,19.285714285714285,9431.968,6172.673888888889,20.0,47.0,5.0,21.692307692307693,3.0,22.066666666666666,0.0,0.0
749757,2014-02-26,45,Produce,3.0,0,102.93,0.0,0.0,0.0,0.0,0.0,0.0,0.0,0.0,0.0,0.0,0.0,26,2,2,2014,4.0,5.0,17.571428571428573,5080.866,5953.936888888889,45.0,859.05,3.0,21.923076923076923,7.0,22.133333333333333,0.0,0.0
751539,2014-02-27,45,Produce,12.0,0,102.68,0.0,0.0,0.0,0.0,0.0,0.0,0.0,0.0,0.0,0.0,0.0,27,3,2,2014,4.0,10.0,17.714285714285715,4518.769,5489.6502222222225,52.0,1478.3586363636364,12.0,22.076923076923077,9.0,22.0,0.0,0.0
753321,2014-02-28,45,Produce,32.0,0,102.88,0.0,0.0,0.0,0.0,0.0,0.0,0.0,0.0,0.0,0.0,0.0,28,4,2,2014,5.0,25.0,17.857142857142858,7081.85,4864.544555555556,61.0,2446.7553636363637,23.0,22.46153846153846,15.0,21.866666666666667,0.0,0.0
755103,2014-03-01,45,Produce,7646.049,0,103.7,0.0,0.0,0.0,0.0,0.0,0.0,0.0,0.0,0.0,0.0,0.0,1,5,3,2014,13.0,40.0,17.285714285714285,4219.387,3991.277,75.0,3418.0780909090904,21.0,21.076923076923077,51.0,23.0,0.0,0.0
756885,2014-03-02,45,Produce,7138.802,0,104.52,0.0,0.0,0.0,0.0,1.0,0.0,0.0,0.0,0.0,0.0,0.0,2,6,3,2014,29.0,33.0,17.285714285714285,5501.653,2944.1694444444447,49.0,3987.342818181818,46.0,20.0,49.0,24.333333333333332,0.0,0.0
758667,2014-03-03,45,Produce,7313.4697,0,105.34,0.0,0.0,0.0,0.0,0.0,1.0,0.0,0.0,0.0,0.0,0.0,3,0,3,2014,65.0,4.0,17.714285714285715,52.0,2380.184333333333,8987.55,4445.050727272727,36.0,22.307692307692307,31.0,21.466666666666665,0.0,0.0
760449,2014-03-04,45,Produce,9129.454,0,103.64,0.0,0.0,0.0,0.0,0.0,1.0,0.0,0.0,0.0,0.0,0.0,4,1,3,2014,29.0,4.0,18.285714285714285,32.0,1879.21,6872.395,5292.317727272727,4.0,24.615384615384617,5.0,19.466666666666665,0.0,0.0
762231,2014-03-05,45,Produce,9655.989,0,101.75,0.0,0.0,0.0,0.0,0.0,0.0,0.0,0.0,0.0,0.0,0.0,5,2,3,2014,4.0,5.0,21.857142857142858,3.0,1095.1155555555556,10688.364,5711.499818181818,8.0,24.923076923076923,7.0,19.533333333333335,0.0,0.0
764013,2014-03-06,45,Produce,5133.52,0,101.82,0.0,0.0,0.0,0.0,0.0,0.0,0.0,0.0,0.0,0.0,0.0,6,3,3,2014,2.0,13.0,21.285714285714285,8.0,630.7392222222222,10709.55,6205.820909090909,10.0,24.384615384615383,4.0,19.533333333333335,0.0,0.0
765795,2014-03-07,45,Produce,6051.869,0,102.82,0.0,0.0,0.0,0.0,0.0,0.0,0.0,0.0,0.0,0.0,0.0,7,4,3,2014,4.0,29.0,21.285714285714285,5.0,23.11111111111111,6300.912,6960.120818181818,11.0,23.307692307692307,7.0,19.333333333333332,0.0,0.0
767577,2014-03-08,45,Produce,7031.318,0,102.34333333333333,0.0,0.0,0.0,0.0,0.0,0.0,0.0,0.0,0.0,0.0,0.0,8,5,3,2014,6.0,65.0,21.0,10.0,17.77777777777778,5054.787,7844.600636363637,44.0,22.46153846153846,26.0,20.6,0.0,2.764705882352941
769359,2014-03-09,45,Produce,10598.076,0,101.86666666666666,0.0,0.0,0.0,0.0,0.0,0.0,0.0,0.0,0.0,0.0,0.0,9,6,3,2014,34.0,29.0,20.857142857142858,25.0,14.666666666666666,9364.937,7543.792,67.0,20.923076923076923,54.0,21.533333333333335,0.0,5.0
771141,2014-03-10,45,Produce,5105.03,0,101.39,0.0,0.0,0.0,0.0,0.0,0.0,0.0,0.0,0.0,0.0,0.0,10,0,3,2014,65.0,4.0,19.857142857142858,40.0,14.88888888888889,4663.003,7344.615818181818,35.0,22.307692307692307,22.0,20.133333333333333,0.0,5.176470588235294
772923,2014-03-11,45,Produce,4640.429,0,100.29,0.0,0.0,0.0,0.0,0.0,0.0,0.0,0.0,0.0,0.0,0.0,11,1,3,2014,29.0,2.0,20.571428571428573,33.0,15.444444444444445,5498.532,7099.363981818183,7.0,23.46153846153846,2.0,18.466666666666665,0.0,5.176470588235294
774705,2014-03-12,45,Produce,7907.4785,0,98.29,0.0,0.0,0.0,0.0,0.0,0.0,0.0,0.0,0.0,0.0,0.0,12,2,3,2014,4.0,4.0,20.571428571428573,4.0,18.11111111111111,8372.299,6543.8234363636375,5.0,24.307692307692307,4.0,18.266666666666666,0.0,5.294117647058823
776487,2014-03-13,45,Produce,4236.376,0,98.57,0.0,0.0,0.0,0.0,0.0,0.0,0.0,0.0,0.0,0.0,0.0,13,3,3,2014,4.0,6.0,20.571428571428573,4.0,24.22222222222222,9778.278,6498.647254545454,9.0,23.846153846153847,7.0,17.933333333333334,0.0,5.529411764705882
778269,2014-03-14,45,Produce,5199.675,0,99.23,0.0,0.0,0.0,0.0,0.0,0.0,0.0,0.0,0.0,0.0,0.0,14,4,3,2014,3.0,34.0,20.571428571428573,5.0,24.666666666666668,5678.655,6794.552981818182,10.0,23.76923076923077,6.0,18.133333333333333,0.0,6.764705882352941
780051,2014-03-15,45,Produce,7076.638,0,98.96333333333334,0.0,0.0,0.0,0.0,0.0,0.0,0.0,0.0,0.0,0.0,0.0,15,5,3,2014,12.0,65.0,20.857142857142858,13.0,20.666666666666668,4681.457,6863.799345454547,26.0,22.0,34.0,19.4,0.0,9.647058823529411
781833,2014-03-16,45,Produce,10465.234,0,98.69666666666667,0.0,0.0,0.0,0.0,0.0,0.0,0.0,0.0,0.0,0.0,0.0,16,6,3,2014,32.0,29.0,20.714285714285715,29.0,17.22222222222222,7990.5938,6928.345981818182,54.0,21.076923076923077,65.0,21.266666666666666,47.0,11.117647058823529
783615,2014-03-17,45,Produce,6387.166,0,98.43,0.0,0.0,0.0,0.0,0.0,0.0,0.0,0.0,0.0,0.0,0.0,17,0,3,2014,7646.049,4.0,21.571428571428573,65.0,17.22222222222222,4598.604,6859.5049818181815,19.0,23.0,28.0,19.466666666666665,38.0,11.470588235294118
785397,2014-03-18,45,Produce,4701.231,0,100.08,0.0,0.0,0.0,0.0,0.0,0.0,0.0,0.0,0.0,0.0,0.0,18,1,3,2014,7138.802,4.0,21.285714285714285,29.0,17.444444444444443,5803.974,6777.5038,19.0,25.23076923076923,6.0,18.333333333333332,3.0,11.823529411764707
787179,2014-03-19,45,Produce,7979.77,0,100.71,0.0,0.0,0.0,0.0,0.0,0.0,0.0,0.0,0.0,0.0,0.0,19,2,3,2014,7313.4697,3.0,1104.2927142857143,4.0,20.666666666666668,8309.75,6273.167618181818,4.0,26.76923076923077,2.0,18.4,0.0,12.058823529411764
788961,2014-03-20,45,Produce,4433.714,0,99.68,0.0,0.0,0.0,0.0,0.0,0.0,0.0,0.0,0.0,0.0,0.0,20,3,3,2014,9129.454,12.0,2119.978714285714,2.0,26.444444444444443,10126.647,6271.285436363637,10.0,29.076923076923077,2.0,18.466666666666665,2.0,13.176470588235293
790743,2014-03-21,45,Produce,5769.22,0,99.97,0.0,0.0,0.0,0.0,0.0,0.0,0.0,0.0,0.0,0.0,0.0,21,4,3,2014,9655.989,32.0,3164.1886714285715,4.0,26.444444444444443,5373.016,6560.4628,21.0,29.846153846153847,7.0,19.066666666666666,4.0,15.705882352941176
792525,2014-03-22,45,Produce,8034.855,0,99.99666666666667,0.0,0.0,0.0,0.0,0.0,0.0,0.0,0.0,0.0,0.0,0.0,22,5,3,2014,5133.52,7646.049,4467.824957142857,6.0,19.666666666666668,4741.281,6691.496818181818,55.0,31.307692307692307,26.0,19.8,21.0,19.58823529411765
794307,2014-03-23,45,Produce,10295.54,0,100.02333333333333,0.0,0.0,0.0,0.0,0.0,0.0,0.0,0.0,0.0,0.0,0.0,23,6,3,2014,6051.869,7138.802,5846.823385714285,34.0,16.88888888888889,7470.286,6735.338818181818,60.0,31.153846153846153,54.0,19.933333333333334,49.0,21.647058823529413
796089,2014-03-24,45,Produce,6056.009,0,100.05,0.0,0.0,0.0,0.0,0.0,0.0,0.0,0.0,0.0,0.0,0.0,24,0,3,2014,7031.318,7313.4697,6578.4691,65.0,16.77777777777778,4230.58,6618.502000000001,36.0,34.38461538461539,27.0,18.2,25.0,21.764705882352942
797871,2014-03-25,45,Produce,4645.287,0,99.66,0.0,0.0,0.0,0.0,0.0,0.0,0.0,0.0,0.0,0.0,0.0,25,1,3,2014,10598.076,9129.454,7438.450385714285,29.0,17.88888888888889,5657.951,6506.874727272728,25.0,38.69230769230769,5.0,16.466666666666665,6.0,19.352941176470587
799653,2014-03-26,45,Produce,8291.235,0,100.61,0.0,0.0,0.0,0.0,0.0,0.0,0.0,0.0,0.0,0.0,0.0,26,2,3,2014,5105.03,9655.989,7350.631671428571,4.0,21.0,7862.408,5969.851090909092,39.0,42.15384615384615,3.0,16.333333333333332,6.0,17.647058823529413
801435,2014-03-27,45,Produce,4506.985,0,101.25,0.0,0.0,0.0,0.0,0.0,0.0,0.0,0.0,0.0,0.0,0.0,27,3,3,2014,4640.429,5133.52,7844.813671428571,4.0,869.8943333333333,9431.968,5981.545363636364,20.0,732.7346153846154,5.0,16.6,4.0,18.58823529411765
803217,2014-03-28,45,Produce,5391.956,0,101.73,0.0,0.0,0.0,0.0,0.0,0.0,0.0,0.0,0.0,0.0,0.0,28,4,3,2014,7907.4785,6051.869,7529.3222857142855,3.0,1659.3167777777776,5080.866,5555.247090909091,45.0,1259.7649999999999,16.0,16.666666666666668,19.0,20.176470588235293
804999,2014-03-29,45,Produce,8579.688,0,101.67666666666666,0.0,0.0,0.0,0.0,0.0,0.0,0.0,0.0,0.0,0.0,0.0,29,5,3,2014,4236.376,7031.318,6888.0329999999985,12.0,2464.7023,4518.769,4879.039272727273,52.0,2077.716076923077,17.0,17.066666666666666,43.0,22.705882352941178
806781,2014-03-30,45,Produce,9641.069,0,101.62333333333333,0.0,0.0,0.0,0.0,0.0,0.0,0.0,0.0,0.0,0.0,0.0,30,6,3,2014,5199.675,10598.076,6638.245785714286,32.0,3475.8638555555553,7081.85,4494.713818181819,61.0,2896.9122307692305,36.0,18.2,66.0,24.470588235294116
808563,2014-03-31,45,Produce,5722.949,0,101.57,0.0,0.0,0.0,0.0,0.0,0.0,0.0,0.0,0.0,0.0,0.0,31,0,3,2014,7076.638,5105.03,6510.082357142856,7646.049,4548.3070777777775,4219.387,3981.0819090909094,75.0,3378.8285384615383,39.0,14.733333333333333,35.0,23.352941176470587
810345,2014-04-01,45,Produce,4.0,0,99.69,0.0,0.0,0.0,0.0,0.0,0.0,1.0,0.0,0.0,0.0,0.0,1,1,4,2014,10465.234,4640.429,6388.340357142857,7138.802,5118.253744444444,5501.653,3266.7720909090913,49.0,3765.7352307692304,2.0,12.933333333333334,2.0,20.529411764705884
812127,2014-04-02,45,Produce,4.0,0,99.6,0.0,0.0,0.0,0.0,0.0,0.0,0.0,0.0,0.0,0.0,0.0,2,2,4,2014,6387.166,7907.4785,6394.814642857143,7313.4697,5790.3503,52.0,2410.2295454545456,8987.55,4483.115,4.0,12.6,6.0,19.470588235294116
813909,2014-04-03,45,Produce,7.0,0,100.29,0.0,0.0,0.0,0.0,0.0,0.0,0.0,0.0,0.0,0.0,0.0,3,3,4,2014,4701.231,4236.376,6375.837214285713,9129.454,6570.274522222222,32.0,1950.6053636363636,6872.395,4840.269076923077,6.0,12.4,9.0,19.470588235294116
815691,2014-04-04,45,Produce,18.0,0,101.16,0.0,0.0,0.0,0.0,0.0,0.0,0.0,0.0,0.0,0.0,0.0,4,4,4,2014,7979.77,5199.675,6558.9995,9655.989,7744.282966666666,3.0,1543.4445454545455,10688.364,5259.7715384615385,3.0,12.066666666666666,19.0,20.529411764705884
817473,2014-04-05,45,Produce,44.0,0,100.91666666666667,0.0,0.0,0.0,0.0,0.0,0.0,0.0,0.0,0.0,0.0,0.0,5,5,4,2014,4433.714,7076.638,6567.6855000000005,5133.52,7461.947522222221,8.0,902.6400000000001,10709.55,5899.794538461539,13.0,11.0,27.0,23.647058823529413
819255,2014-04-06,45,Produce,27.0,0,100.67333333333333,0.0,0.0,0.0,0.0,0.0,0.0,0.0,0.0,0.0,0.0,0.0,6,6,4,2014,5769.22,10465.234,6578.012857142857,6051.869,7184.350522222221,5.0,519.423,6300.912,6647.2774615384615,43.0,11.2,45.0,24.529411764705884
821037,2014-04-07,45,Produce,2.0,0,100.43,0.0,0.0,0.0,0.0,0.0,0.0,0.0,0.0,0.0,0.0,0.0,7,0,4,2014,8034.855,6387.166,6606.204,7031.318,7250.351500000001,10.0,19.636363636363637,5054.787,7078.327846153847,2.0,11.0,34.0,22.11764705882353
822819,2014-04-08,45,Produce,3.0,0,102.57,0.0,0.0,0.0,0.0,0.0,0.0,0.0,0.0,0.0,0.0,0.0,8,1,4,2014,10295.54,4701.231,6687.567571428571,10598.076,6706.676166666666,25.0,15.363636363636363,9364.937,7434.670692307692,0.0,8.466666666666667,2.0,18.41176470588235
824601,2014-04-09,45,Produce,12.0,0,103.55,0.0,0.0,0.0,0.0,0.0,0.0,0.0,0.0,0.0,0.0,0.0,9,2,4,2014,6056.009,7979.77,6824.455714285715,5105.03,6211.530166666667,40.0,13.636363636363637,4663.003,7357.981753846154,0.0,8.733333333333333,1.0,16.470588235294116
826383,2014-04-10,45,Produce,8.0,0,103.37,0.0,0.0,0.0,0.0,0.0,0.0,0.0,0.0,0.0,0.0,0.0,10,3,4,2014,4645.287,4433.714,6800.2137142857155,4640.429,6427.4321666666665,33.0,16.0,5498.532,7183.074753846155,0.0,8.533333333333333,7.0,17.0
828165,2014-04-11,45,Produce,16.0,0,103.68,0.0,0.0,0.0,0.0,0.0,0.0,0.0,0.0,0.0,0.0,0.0,11,4,4,2014,8291.235,5769.22,6752.905571428571,7907.4785,6917.806055555555,4.0,21.181818181818183,8372.299,6807.352446153846,0.0,8.733333333333333,6.0,17.88235294117647
829947,2014-04-12,45,Produce,50.0,0,103.80333333333334,0.0,0.0,0.0,0.0,1.0,0.0,0.0,0.0,0.0,0.0,0.0,12,5,4,2014,4506.985,8034.855,6744.913571428572,4236.376,6846.233611111111,4.0,23.363636363636363,9778.278,6622.752446153846,0.0,9.2,24.0,19.823529411764707
831729,2014-04-13,45,Produce,31.0,0,103.92666666666666,0.0,0.0,0.0,0.0,0.0,0.0,0.0,0.0,0.0,0.0,0.0,13,6,4,2014,5391.956,10295.54,6789.408571428571,5199.675,6191.028611111111,5.0,22.818181818181817,5678.655,6917.039753846155,20.0,12.266666666666667,57.0,20.88235294117647
833511,2014-04-14,45,Produce,10.0,0,104.05,0.0,0.0,0.0,0.0,1.0,0.0,0.0,0.0,0.0,0.0,0.0,14,0,4,2014,8579.688,6056.009,6799.875857142857,7076.638,6510.444166666666,13.0,20.727272727272727,4681.457,6941.518907692308,33.0,11.066666666666666,34.0,19.647058823529413
835293,2014-04-15,45,Produce,7.0,0,103.7,0.0,0.0,0.0,0.0,0.0,0.0,0.0,0.0,0.0,0.0,0.0,15,1,4,2014,9641.069,4645.287,6745.981000000001,10465.234,6487.475833333334,29.0,17.454545454545453,7990.5938,6585.853061538462,1.0,11.066666666666666,2.0,17.41176470588235
837075,2014-04-16,45,Produce,4.0,0,103.71,0.0,0.0,0.0,0.0,0.0,0.0,0.0,0.0,0.0,0.0,0.0,16,2,4,2014,5722.949,8291.235,6823.814285714286,6387.166,6249.891555555555,65.0,15.0,4598.604,6801.797907692308,6.0,11.333333333333334,3.0,16.0
838857,2014-04-17,45,Produce,11.0,0,104.33,0.0,0.0,0.0,0.0,0.0,0.0,0.0,0.0,0.0,0.0,0.0,17,3,4,2014,4.0,4506.985,6730.318428571429,4701.231,6671.944777777779,29.0,17.727272727272727,5803.974,6704.263138461539,1.0,11.733333333333333,2.0,16.470588235294116
840639,2014-04-18,45,Produce,41.0,0,104.335,0.0,0.0,0.0,0.0,0.0,1.0,0.0,0.0,0.0,0.0,0.0,18,4,4,2014,4.0,5391.956,6682.738428571429,7979.77,7238.152,4.0,23.272727272727273,8309.75,6495.467138461539,9.0,12.533333333333333,11.0,17.647058823529413
842421,2014-04-19,45,Produce,80.0,0,104.34,0.0,0.0,0.0,0.0,0.0,0.0,0.0,0.0,0.0,0.0,0.0,19,5,4,2014,7.0,8579.688,6019.697428571429,4433.714,7124.748777777778,2.0,25.454545454545453,10126.647,6348.092523076923,10.0,14.266666666666667,21.0,20.235294117647058
844203,2014-04-20,45,Produce,36.0,0,104.345,0.0,0.0,0.0,0.0,0.0,0.0,0.0,0.0,0.0,0.0,0.0,20,6,4,2014,18.0,9641.069,4835.8067142857135,5769.22,6478.088,4.0,24.636363636363637,5373.016,6636.808907692307,59.0,18.133333333333333,42.0,21.058823529411764
845985,2014-04-21,45,Produce,1.0,0,104.35,0.0,0.0,0.0,0.0,1.0,0.0,0.0,0.0,0.0,0.0,0.0,21,0,4,2014,44.0,5722.949,4192.951714285714,8034.855,6689.651222222223,6.0,22.363636363636363,4741.281,6667.532676923078,25.0,18.6,37.0,20.176470588235293
847767,2014-04-22,45,Produce,2.0,0,101.69,0.0,0.0,0.0,0.0,0.0,0.0,0.0,0.0,0.0,0.0,0.0,22,1,4,2014,27.0,4.0,3425.2437142857148,10295.54,6668.068333333333,34.0,16.727272727272727,7470.286,6400.469230769231,2.0,16.8,6.0,18.647058823529413
849549,2014-04-23,45,Produce,4.0,0,101.47,0.0,0.0,0.0,0.0,0.0,0.0,0.0,0.0,0.0,0.0,0.0,23,2,4,2014,2.0,4.0,2205.8597142857143,6056.009,6380.533444444445,65.0,15.181818181818182,4230.58,6591.488153846153,4.0,16.8,7.0,19.235294117647058
851331,2014-04-24,45,Produce,7.0,0,102.2,0.0,0.0,0.0,0.0,0.0,0.0,0.0,0.0,0.0,0.0,0.0,24,3,4,2014,3.0,7.0,832.4212857142857,4645.287,6841.197222222223,29.0,17.727272727272727,5657.951,6469.596846153847,6.0,16.666666666666668,10.0,19.647058823529413
853113,2014-04-25,45,Produce,27.0,0,100.85,0.0,0.0,0.0,0.0,0.0,0.0,0.0,0.0,0.0,0.0,0.0,25,4,4,2014,12.0,18.0,15.142857142857142,8291.235,7271.402666666667,4.0,712.6408181818182,7862.408,6253.589384615384,12.0,16.866666666666667,10.0,21.058823529411764
854895,2014-04-26,45,Produce,25.0,0,100.94333333333333,0.0,0.0,0.0,0.0,0.0,0.0,0.0,0.0,0.0,0.0,0.0,26,5,4,2014,8.0,44.0,15.0,4506.985,7014.524222222222,4.0,1361.2591818181818,9431.968,5478.616538461539,26.0,19.266666666666666,21.0,24.058823529411764
856677,2014-04-27,45,Produce,17.0,0,101.03666666666666,0.0,0.0,0.0,0.0,0.0,0.0,0.0,0.0,0.0,0.0,0.0,27,6,4,2014,16.0,27.0,16.142857142857142,5391.956,5871.019777777778,3.0,2025.574609090909,5080.866,5067.769153846155,58.0,23.533333333333335,51.0,24.764705882352942
858459,2014-04-28,45,Produce,2.0,0,101.13,0.0,0.0,0.0,0.0,0.0,0.0,0.0,0.0,0.0,0.0,0.0,28,0,4,2014,50.0,2.0,16.285714285714285,8579.688,5198.574333333334,12.0,2852.4340636363636,4518.769,4703.286,27.0,21.6,20.0,23.58823529411765
860241,2014-04-29,45,Produce,7.0,0,101.56,0.0,0.0,0.0,0.0,0.0,0.0,0.0,0.0,0.0,0.0,0.0,29,1,4,2014,31.0,3.0,16.0,9641.069,4683.209111111111,32.0,3724.3421545454544,7081.85,4129.264,6.0,20.066666666666666,9.0,21.176470588235293
862023,2014-04-30,45,Produce,18.0,0,100.07,0.0,0.0,0.0,0.0,0.0,0.0,0.0,0.0,0.0,0.0,0.0,30,2,4,2014,10.0,12.0,16.857142857142858,5722.949,3763.9607777777774,7646.049,4188.3894272727275,4219.387,3804.219384615385,1.0,20.0,31.0,19.41176470588235
863805,2014-05-01,45,Produce,53.0,0,99.69,0.0,0.0,0.0,0.0,0.0,1.0,0.0,0.0,0.0,0.0,0.0,1,3,5,2014,7.0,8.0,17.428571428571427,4.0,3268.0735555555557,7138.802,4738.1957,5501.653,3369.7616153846157,4.0,20.266666666666666,44.0,19.705882352941178
865587,2014-05-02,45,Produce,28.0,0,100.09,0.0,0.0,0.0,0.0,0.0,0.0,0.0,0.0,0.0,0.0,0.0,2,4,5,2014,4.0,16.0,18.571428571428573,4.0,2671.9673333333335,7313.4697,5377.04279090909,52.0,2766.884076923077,4.0,20.533333333333335,9.0,22.058823529411764
867369,2014-05-03,45,Produce,55.0,0,99.97333333333333,0.0,0.0,0.0,0.0,0.0,0.0,0.0,0.0,0.0,0.0,0.0,3,5,5,2014,11.0,50.0,19.142857142857142,7.0,1718.8908888888889,9129.454,6340.231518181818,32.0,2044.4250000000002,45.0,21.0,27.0,27.705882352941178
869151,2014-05-04,45,Produce,32.0,0,99.85666666666667,0.0,0.0,0.0,0.0,0.0,0.0,0.0,0.0,0.0,0.0,0.0,4,6,5,2014,41.0,31.0,18.0,18.0,647.9943333333333,9655.989,6803.234245454544,3.0,1656.1276153846154,74.0,22.4,53.0,31.0
870933,2014-05-05,45,Produce,3.0,0,99.74,0.0,0.0,0.0,0.0,0.0,0.0,0.0,0.0,0.0,0.0,0.0,5,0,5,2014,80.0,10.0,18.428571428571427,44.0,13.444444444444445,5133.52,7222.182336363636,8.0,1308.8376923076924,30.0,20.733333333333334,23.0,29.88235294117647
872715,2014-05-06,45,Produce,10.0,0,99.81,0.0,0.0,0.0,0.0,0.0,0.0,0.0,0.0,0.0,0.0,0.0,6,1,5,2014,36.0,7.0,22.0,27.0,13.88888888888889,6051.869,7245.948654545454,5.0,764.3876923076924,2.0,19.266666666666666,1.0,27.235294117647058
874497,2014-05-07,45,Produce,11.0,0,101.06,0.0,0.0,0.0,0.0,0.0,0.0,0.0,0.0,0.0,0.0,0.0,7,2,5,2014,1.0,4.0,26.285714285714285,2.0,15.222222222222221,7031.318,6982.091745454545,10.0,440.20407692307697,1.0,19.2,1.0,26.235294117647058
876279,2014-05-08,45,Produce,23.0,0,100.52,0.0,0.0,0.0,0.0,0.0,0.0,0.0,0.0,0.0,0.0,0.0,8,3,5,2014,2.0,11.0,27.0,3.0,20.0,10598.076,6789.928590909091,25.0,18.0,8.0,19.4,7.0,26.058823529411764
878061,2014-05-09,45,Produce,60.0,0,100.32,0.0,0.0,0.0,0.0,0.0,0.0,0.0,0.0,0.0,0.0,0.0,9,4,5,2014,4.0,41.0,25.714285714285715,12.0,21.444444444444443,5105.03,6603.308954545456,40.0,16.23076923076923,10.0,19.733333333333334,11.0,25.823529411764707
879843,2014-05-10,45,Produce,174.0,0,100.50999999999999,0.0,1.0,0.0,0.0,0.0,0.0,0.0,0.0,0.0,0.0,0.0,10,5,5,2014,7.0,80.0,25.0,8.0,17.666666666666668,4640.429,6676.876681818182,33.0,18.76923076923077,19.0,21.666666666666668,47.0,25.764705882352942
881625,2014-05-11,45,Produce,110.0,0,100.7,0.0,0.0,0.0,1.0,0.0,0.0,0.0,0.0,0.0,0.0,0.0,11,6,5,2014,27.0,36.0,25.0,16.0,15.444444444444445,7907.4785,6790.8445,4.0,20.76923076923077,47.0,22.0,106.0,27.058823529411764
883407,2014-05-12,45,Produce,5.0,0,100.89,0.0,0.0,0.0,0.0,1.0,0.0,0.0,0.0,0.0,0.0,0.0,12,0,5,2014,25.0,1.0,24.428571428571427,50.0,15.666666666666666,4236.376,6668.059227272728,4.0,20.46153846153846,33.0,19.666666666666668,66.0,26.058823529411764
885189,2014-05-13,45,Produce,1.0,0,102.01,0.0,0.0,0.0,0.0,0.0,0.0,0.0,0.0,0.0,0.0,0.0,13,1,5,2014,17.0,2.0,22.428571428571427,31.0,16.555555555555557,5199.675,6754.282136363638,5.0,20.23076923076923,5.0,18.0,2.0,23.294117647058822
886971,2014-05-14,45,Produce,2.0,0,102.63,0.0,0.0,0.0,0.0,0.0,0.0,0.0,0.0,0.0,0.0,0.0,14,2,5,2014,2.0,4.0,14.571428571428571,10.0,19.77777777777778,7076.638,6193.885590909092,13.0,19.76923076923077,5.0,17.933333333333334,6.0,22.529411764705884
888753,2014-05-15,45,Produce,8.0,0,101.74,0.0,0.0,0.0,0.0,0.0,0.0,0.0,0.0,0.0,0.0,0.0,15,3,5,2014,7.0,7.0,11.857142857142858,7.0,27.77777777777778,10465.234,6254.266500000001,29.0,18.307692307692307,4.0,18.266666666666666,3.0,23.470588235294116
890535,2014-05-16,45,Produce,24.0,0,102.31,0.0,0.0,0.0,0.0,0.0,0.0,0.0,0.0,0.0,0.0,0.0,16,4,5,2014,18.0,27.0,12.0,4.0,30.0,6387.166,6562.850681818181,65.0,17.846153846153847,9.0,18.066666666666666,6.0,28.529411764705884
892317,2014-05-17,45,Produce,45.0,0,102.52333333333334,0.0,0.0,0.0,0.0,0.0,0.0,0.0,0.0,0.0,0.0,0.0,17,5,5,2014,53.0,25.0,12.714285714285714,11.0,24.555555555555557,4701.231,6779.947181818181,29.0,20.307692307692307,33.0,19.333333333333332,27.0,29.705882352941178
894099,2014-05-18,45,Produce,26.0,0,102.73666666666666,0.0,0.0,0.0,0.0,0.0,0.0,0.0,0.0,0.0,0.0,0.0,18,6,5,2014,28.0,17.0,14.714285714285714,41.0,21.333333333333332,7979.77,6945.368363636363,4.0,22.23076923076923,50.0,21.933333333333334,43.0,29.058823529411764
895881,2014-05-19,45,Produce,3.0,0,102.95,0.0,0.0,0.0,0.0,0.0,0.0,0.0,0.0,0.0,0.0,0.0,19,0,5,2014,55.0,2.0,21.285714285714285,80.0,20.666666666666668,4433.714,6894.969454545455,2.0,22.23076923076923,39.0,21.266666666666666,31.0,26.294117647058822
897663,2014-05-20,45,Produce,1.0,0,102.8,0.0,0.0,0.0,0.0,0.0,0.0,0.0,0.0,0.0,0.0,0.0,20,1,5,2014,32.0,7.0,21.428571428571427,36.0,20.666666666666668,5769.22,7005.387363636363,4.0,22.153846153846153,5.0,19.4,10.0,20.294117647058822
899445,2014-05-21,45,Produce,5.0,0,104.31,0.0,0.0,0.0,0.0,0.0,0.0,0.0,0.0,0.0,0.0,0.0,21,2,5,2014,3.0,18.0,25.714285714285715,1.0,23.22222222222222,8034.855,6463.728363636364,6.0,21.384615384615383,1.0,19.266666666666666,6.0,16.529411764705884
901227,2014-05-22,45,Produce,6.0,0,104.03,0.0,0.0,0.0,0.0,0.0,0.0,0.0,0.0,0.0,0.0,0.0,22,3,5,2014,10.0,53.0,27.857142857142858,2.0,24.77777777777778,10295.54,6373.254727272727,34.0,20.076923076923077,6.0,19.733333333333334,10.0,16.764705882352942
903009,2014-05-23,45,Produce,31.0,0,105.01,0.0,0.0,0.0,0.0,0.0,0.0,0.0,0.0,0.0,0.0,0.0,23,4,5,2014,11.0,28.0,28.0,4.0,22.11111111111111,6056.009,6725.841727272727,65.0,17.53846153846154,5.0,21.0,17.0,17.58823529411765
904791,2014-05-24,45,Produce,91.0,0,104.9525,0.0,0.0,0.0,0.0,0.0,1.0,0.0,0.0,0.0,0.0,0.0,24,5,5,2014,23.0,55.0,28.428571428571427,7.0,13.444444444444445,4645.287,6876.868909090908,29.0,603.4653076923076,29.0,21.8,87.0,20.0
906573,2014-05-25,45,Produce,19.0,0,104.89500000000001,0.0,0.0,0.0,0.0,0.0,0.0,0.0,0.0,0.0,0.0,0.0,25,6,5,2014,60.0,32.0,27.428571428571427,27.0,10.222222222222221,8291.235,6994.0720909090915,4.0,1152.2962307692308,58.0,22.666666666666668,27.0,21.764705882352942
908355,2014-05-26,45,Produce,3.0,0,104.8375,0.0,0.0,0.0,0.0,0.0,0.0,0.0,0.0,0.0,0.0,0.0,26,0,5,2014,174.0,3.0,23.142857142857142,25.0,12.11111111111111,4506.985,6469.961181818182,4.0,1714.716976923077,37.0,21.733333333333334,0.0,20.529411764705884
910137,2014-05-27,45,Produce,2.0,0,104.78,0.0,0.0,0.0,0.0,0.0,0.0,0.0,0.0,0.0,0.0,0.0,27,1,5,2014,110.0,10.0,27.714285714285715,17.0,17.77777777777778,5391.956,5739.883454545455,3.0,2416.674976923077,5.0,19.4,0.0,18.176470588235293
911919,2014-05-28,45,Produce,5.0,0,103.37,0.0,0.0,0.0,0.0,0.0,0.0,0.0,0.0,0.0,0.0,0.0,28,2,5,2014,5.0,11.0,44.714285714285715,2.0,20.444444444444443,8579.688,4804.561636363636,12.0,3158.981823076923,3.0,19.6,4.0,16.529411764705884
913701,2014-05-29,45,Produce,3.0,0,104.26,0.0,0.0,0.0,0.0,0.0,0.0,0.0,0.0,0.0,0.0,0.0,29,3,5,2014,1.0,23.0,55.857142857142854,7.0,25.77777777777778,9641.069,4255.651727272728,32.0,3551.2525923076923,12.0,20.2,2.0,17.11764705882353
915483,2014-05-30,45,Produce,29.0,0,103.4,0.0,0.0,0.0,0.0,0.0,0.0,0.0,0.0,0.0,0.0,0.0,30,4,5,2014,2.0,60.0,56.142857142857146,18.0,26.333333333333332,5722.949,3837.3529090909087,7646.049,4011.7809769230767,23.0,20.533333333333335,6.0,19.88235294117647
917265,2014-05-31,45,Produce,44.0,0,103.29,0.0,0.0,0.0,0.0,0.0,0.0,0.0,0.0,0.0,0.0,0.0,31,5,5,2014,8.0,174.0,54.857142857142854,53.0,23.88888888888889,4.0,3086.058818181818,7138.802,4550.420823076923,21.0,23.133333333333333,20.0,22.41176470588235
919047,2014-06-01,45,Produce,39.0,0,103.17999999999999,0.0,0.0,0.0,0.0,0.0,0.0,0.0,0.0,0.0,0.0,0.0,1,6,6,2014,24.0,110.0,53.57142857142857,28.0,23.11111111111111,4.0,2676.514727272727,7313.4697,5365.349746153845,46.0,25.666666666666668,44.0,23.647058823529413
920829,2014-06-02,45,Produce,1.0,0,103.07,0.0,0.0,0.0,0.0,0.0,0.0,0.0,0.0,0.0,0.0,0.0,2,0,6,2014,45.0,5.0,51.42857142857143,55.0,24.11111111111111,7.0,2186.6096363636366,9129.454,5757.736669230769,36.0,24.133333333333333,36.0,18.88235294117647
922611,2014-06-03,45,Produce,2.0,0,103.34,0.0,0.0,0.0,0.0,0.0,0.0,0.0,0.0,0.0,0.0,0.0,3,1,6,2014,26.0,1.0,46.285714285714285,32.0,25.88888888888889,18.0,1407.7289090909092,9655.989,6114.461976923077,4.0,22.133333333333333,6.0,17.529411764705884
924393,2014-06-04,45,Produce,6.0,0,103.27,0.0,0.0,0.0,0.0,0.0,0.0,0.0,0.0,0.0,0.0,0.0,4,2,6,2014,3.0,2.0,27.857142857142858,3.0,30.555555555555557,44.0,531.9953636363635,5133.52,6721.806476923076,8.0,22.133333333333333,3.0,18.11764705882353
926175,2014-06-05,45,Produce,12.0,0,103.17,0.0,0.0,0.0,0.0,0.0,0.0,0.0,0.0,0.0,0.0,0.0,5,3,6,2014,1.0,8.0,15.857142857142858,10.0,44.0,27.0,13.181818181818182,6051.869,7045.220015384615,10.0,22.533333333333335,3.0,19.058823529411764
927957,2014-06-06,45,Produce,34.0,0,103.32,0.0,0.0,0.0,0.0,0.0,0.0,0.0,0.0,0.0,0.0,0.0,6,4,6,2014,5.0,24.0,15.571428571428571,11.0,53.111111111111114,2.0,17.363636363636363,7031.318,6857.0374,11.0,22.4,20.0,22.470588235294116
929739,2014-06-07,45,Produce,47.0,0,103.91,0.0,0.0,0.0,0.0,0.0,0.0,0.0,0.0,0.0,0.0,0.0,7,5,6,2014,6.0,45.0,15.571428571428571,23.0,47.55555555555556,3.0,19.818181818181817,10598.076,6852.255553846154,44.0,22.6,53.0,29.705882352941178
931521,2014-06-08,45,Produce,11.0,0,104.5,0.0,0.0,0.0,0.0,0.0,0.0,0.0,0.0,0.0,0.0,0.0,8,6,6,2014,31.0,26.0,16.0,60.0,44.111111111111114,12.0,20.09090909090909,5105.03,7094.698961538462,67.0,24.8,53.0,33.64705882352941
933303,2014-06-09,45,Produce,8.0,0,105.09,0.0,0.0,0.0,0.0,0.0,0.0,0.0,0.0,0.0,0.0,0.0,9,0,6,2014,91.0,3.0,15.714285714285714,174.0,44.0,8.0,19.09090909090909,4640.429,6883.753730769231,35.0,23.0,38.0,32.76470588235294
935085,2014-06-10,45,Produce,4.0,0,105.02,0.0,0.0,0.0,0.0,0.0,0.0,0.0,0.0,0.0,0.0,0.0,10,1,6,2014,19.0,1.0,16.714285714285715,110.0,43.77777777777778,16.0,15.454545454545455,7907.4785,6502.6185000000005,7.0,21.866666666666667,6.0,30.352941176470587
936867,2014-06-11,45,Produce,4.0,0,105.04,0.0,0.0,0.0,0.0,0.0,0.0,0.0,0.0,0.0,0.0,0.0,11,2,6,2014,3.0,5.0,23.285714285714285,5.0,45.22222222222222,50.0,14.0,4236.376,6721.560807692308,5.0,21.866666666666667,4.0,28.352941176470587
938649,2014-06-12,45,Produce,13.0,0,107.2,0.0,0.0,0.0,1.0,0.0,0.0,0.0,0.0,0.0,0.0,0.0,12,3,6,2014,2.0,6.0,22.285714285714285,1.0,47.666666666666664,31.0,17.545454545454547,5199.675,6597.087346153847,9.0,22.0,10.0,28.352941176470587
940431,2014-06-13,45,Produce,55.0,0,107.49,0.0,0.0,0.0,0.0,0.0,0.0,0.0,0.0,0.0,0.0,0.0,13,4,6,2014,5.0,31.0,22.285714285714285,2.0,43.888888888888886,10.0,24.545454545454547,7076.638,6500.0028846153855,10.0,22.733333333333334,16.0,30.0
942213,2014-06-14,45,Produce,156.0,0,107.5,0.0,0.0,0.0,0.0,0.0,0.0,0.0,0.0,0.0,0.0,0.0,14,5,6,2014,3.0,91.0,22.428571428571427,8.0,24.88888888888889,7.0,26.727272727272727,10465.234,6302.832038461538,26.0,25.666666666666668,62.0,32.35294117647059
943995,2014-06-15,45,Produce,86.0,0,107.50999999999999,0.0,0.0,0.0,1.0,0.0,0.0,0.0,0.0,0.0,0.0,0.0,15,6,6,2014,29.0,19.0,22.428571428571427,24.0,12.777777777777779,4.0,26.09090909090909,6387.166,6702.102038461539,54.0,26.733333333333334,125.0,32.470588235294116
945777,2014-06-16,45,Produce,2.0,0,107.52,0.0,0.0,0.0,0.0,0.0,0.0,0.0,0.0,0.0,0.0,0.0,16,0,6,2014,44.0,3.0,22.0,45.0,12.777777777777779,11.0,24.818181818181817,4701.231,6810.992807692309,19.0,24.666666666666668,73.0,29.647058823529413
947559,2014-06-17,45,Produce,0.0,0,106.95,0.0,0.0,0.0,0.0,0.0,0.0,0.0,0.0,0.0,0.0,0.0,17,1,6,2014,39.0,2.0,21.714285714285715,26.0,13.333333333333334,41.0,20.636363636363637,7979.77,6560.055000000001,19.0,24.0,5.0,26.705882352941178
949341,2014-06-18,45,Produce,7.0,0,106.64,0.0,0.0,0.0,0.0,0.0,0.0,0.0,0.0,0.0,0.0,0.0,18,2,6,2014,1.0,5.0,15.0,3.0,16.555555555555557,80.0,18.454545454545453,4433.714,6871.967230769232,4.0,26.133333333333333,3.0,24.705882352941178
951123,2014-06-19,45,Produce,9.0,0,107.08,0.0,0.0,0.0,0.0,0.0,0.0,0.0,0.0,0.0,0.0,0.0,19,3,6,2014,2.0,3.0,17.857142857142858,1.0,25.77777777777778,36.0,20.0,5769.22,6818.683384615385,10.0,27.133333333333333,2.0,24.764705882352942
952905,2014-06-20,45,Produce,50.0,0,107.95,0.0,0.0,0.0,1.0,0.0,0.0,0.0,0.0,0.0,0.0,0.0,20,4,6,2014,6.0,29.0,17.571428571428573,5.0,25.22222222222222,1.0,21.636363636363637,8034.855,6689.092461538462,21.0,29.533333333333335,6.0,25.705882352941178
954687,2014-06-21,45,Produce,50.0,0,107.57666666666667,0.0,0.0,0.0,0.0,0.0,0.0,0.0,0.0,0.0,0.0,0.0,21,5,6,2014,12.0,44.0,17.571428571428573,6.0,20.555555555555557,2.0,22.818181818181817,10295.54,6544.050461538462,55.0,32.333333333333336,31.0,28.705882352941178
956469,2014-06-22,45,Produce,27.0,0,107.20333333333333,0.0,0.0,0.0,0.0,0.0,0.0,0.0,0.0,0.0,0.0,0.0,22,6,6,2014,34.0,39.0,17.714285714285715,31.0,17.88888888888889,4.0,22.0,6056.009,6794.350692307693,60.0,34.666666666666664,43.0,29.764705882352942
958251,2014-06-23,45,Produce,1.0,0,106.83,0.0,0.0,0.0,0.0,1.0,0.0,0.0,0.0,0.0,0.0,0.0,23,0,6,2014,47.0,1.0,19.0,91.0,18.11111111111111,7.0,18.90909090909091,4645.287,6872.9443846153845,36.0,36.06666666666667,22.0,26.41176470588235
960033,2014-06-24,45,Produce,5.0,0,106.64,0.0,0.0,0.0,0.0,0.0,0.0,0.0,0.0,0.0,0.0,0.0,24,1,6,2014,11.0,2.0,19.714285714285715,19.0,18.333333333333332,27.0,13.272727272727273,8291.235,6259.423615384615,25.0,38.06666666666667,5.0,19.470588235294116
961815,2014-06-25,45,Produce,16.0,1,107.04,0.0,0.0,0.0,1.0,2.0,0.0,1.0,0.0,0.0,0.0,0.0,25,2,6,2014,8.0,6.0,20.142857142857142,3.0,21.0,25.0,14.818181818181818,4506.985,5918.676384615385,39.0,635.9699999999999,3.0,15.411764705882353
963597,2014-06-26,45,Produce,16.0,0,106.49,0.0,0.0,0.0,0.0,0.0,0.0,0.0,0.0,0.0,0.0,0.0,26,3,6,2014,4.0,12.0,16.142857142857142,2.0,25.22222222222222,17.0,17.272727272727273,5391.956,5475.4286923076925,20.0,1093.863,4.0,16.176470588235293
965379,2014-06-27,45,Produce,22.0,0,106.46,0.0,0.0,0.0,0.0,0.0,0.0,0.0,0.0,0.0,0.0,0.0,27,4,6,2014,4.0,34.0,17.142857142857142,5.0,26.11111111111111,2.0,22.09090909090909,8579.688,4858.747538461538,45.0,1805.7539333333334,7.0,17.823529411764707
967161,2014-06-28,45,Produce,54.0,0,106.33,0.0,0.0,0.0,1.0,0.0,0.0,0.0,0.0,0.0,0.0,0.0,28,5,6,2014,13.0,47.0,17.428571428571427,3.0,16.11111111111111,7.0,24.636363636363637,9641.069,4070.1675384615382,52.0,2518.323933333333,20.0,21.11764705882353
968943,2014-06-29,45,Produce,32.0,0,106.19999999999999,0.0,0.0,0.0,1.0,0.0,0.0,0.0,0.0,0.0,0.0,0.0,29,6,6,2014,55.0,11.0,17.142857142857142,29.0,14.222222222222221,18.0,24.272727272727273,5722.949,3606.3976153846156,61.0,2934.718066666667,61.0,23.529411764705884
970725,2014-06-30,45,Produce,7.0,0,106.07,0.0,0.0,0.0,1.0,0.0,0.0,0.0,0.0,0.0,0.0,0.0,30,0,6,2014,156.0,8.0,17.285714285714285,44.0,14.555555555555555,53.0,22.727272727272727,4.0,3249.221692307692,75.0,3267.7038666666663,34.0,21.88235294117647
972507,2014-07-01,45,Produce,5895.706,0,106.06,0.0,0.0,0.0,1.0,0.0,0.0,0.0,0.0,0.0,0.0,0.0,1,1,7,2014,86.0,4.0,20.285714285714285,39.0,15.666666666666666,28.0,21.454545454545453,4.0,2611.6651538461538,49.0,3889.633,5.0,19.705882352941178
974289,2014-07-02,45,Produce,10279.481,181,105.18,0.0,0.0,0.0,0.0,0.0,0.0,0.0,0.0,0.0,0.0,0.0,2,2,7,2014,2.0,4.0,35.857142857142854,1.0,18.88888888888889,55.0,22.0,7.0,2265.897076923077,8987.55,4198.8332,7.0,18.529411764705884
976071,2014-07-03,45,Produce,4938.749,0,104.76,0.0,0.0,0.0,0.0,2.0,0.0,0.0,0.0,0.0,0.0,0.0,3,3,7,2014,0.0,13.0,46.57142857142857,2.0,23.77777777777778,32.0,27.272727272727273,18.0,1851.7466153846156,6872.395,4562.802,4.0,18.941176470588236
977853,2014-07-04,45,Produce,6323.897,0,104.6175,0.0,0.0,0.0,1.0,0.0,0.0,0.0,0.0,0.0,0.0,0.0,4,4,7,2014,7.0,55.0,45.714285714285715,6.0,21.77777777777778,3.0,42.45454545454545,44.0,1193.0013846153847,10688.364,5119.621933333333,18.0,20.294117647058822
979635,2014-07-05,45,Produce,7668.063,0,104.475,0.0,0.0,0.0,1.0,0.0,0.0,0.0,0.0,0.0,0.0,0.0,5,5,7,2014,9.0,156.0,45.142857142857146,12.0,17.77777777777778,10.0,50.81818181818182,27.0,455.2268461538461,10709.55,5768.5071333333335,31.0,24.705882352941178
981417,2014-07-06,45,Produce,9680.8125,1,104.3325,0.0,0.0,0.0,0.0,0.0,0.0,0.0,0.0,0.0,0.0,0.0,6,6,7,2014,50.0,86.0,45.57142857142857,34.0,13.88888888888889,11.0,46.45454545454545,2.0,17.384615384615383,6300.912,6143.617466666667,58.0,26.058823529411764
983199,2014-07-07,45,Produce,6787.11,0,104.19,0.0,0.0,0.0,0.0,0.0,0.0,0.0,0.0,0.0,0.0,0.0,7,0,7,2014,50.0,2.0,45.0,47.0,14.222222222222221,23.0,44.0,3.0,17.846153846153847,5054.787,6451.647933333333,47.0,25.294117647058822
984981,2014-07-08,45,Produce,5013.157,1,104.06,0.0,0.0,0.0,1.0,0.0,0.0,0.0,0.0,0.0,0.0,0.0,8,1,7,2014,27.0,0.0,44.285714285714285,11.0,15.444444444444445,60.0,39.18181818181818,12.0,18.076923076923077,9364.937,6979.3541866666665,3.0,22.058823529411764
986763,2014-07-09,45,Produce,8475.165,179,102.93,0.0,0.0,0.0,1.0,0.0,0.0,0.0,0.0,0.0,0.0,0.0,9,2,7,2014,1.0,7.0,29.142857142857142,8.0,20.88888888888889,174.0,37.0,8.0,17.846153846153847,4663.003,7282.661120000001,6.0,20.41176470588235
988545,2014-07-10,45,Produce,4416.106,0,103.61,0.0,0.0,0.0,0.0,0.0,0.0,0.0,0.0,0.0,0.0,0.0,10,3,7,2014,5.0,9.0,20.714285714285715,4.0,36.888888888888886,110.0,38.90909090909091,16.0,17.307692307692307,5498.532,7070.42272,2.0,20.705882352941178
990327,2014-07-11,45,Produce,6276.024,0,101.48,0.0,0.0,0.0,0.0,0.0,0.0,0.0,0.0,0.0,0.0,0.0,11,4,7,2014,16.0,50.0,20.571428571428573,4.0,42.666666666666664,5.0,42.09090909090909,50.0,17.076923076923077,8372.299,7166.246386666666,12.0,22.352941176470587
992109,2014-07-12,45,Produce,8115.646,0,101.56333333333333,0.0,0.0,0.0,1.0,0.0,0.0,0.0,0.0,0.0,0.0,0.0,12,5,7,2014,16.0,50.0,21.285714285714285,13.0,37.666666666666664,1.0,43.45454545454545,31.0,21.153846153846153,9778.278,7128.798586666668,26.0,26.41176470588235
993891,2014-07-13,45,Produce,8248.037,1,101.64666666666668,0.0,0.0,0.0,1.0,0.0,0.0,0.0,0.0,0.0,0.0,0.0,13,6,7,2014,22.0,27.0,22.571428571428573,55.0,36.44444444444444,2.0,41.63636363636363,10.0,23.76923076923077,5678.655,6773.029653333333,79.0,27.58823529411765
995673,2014-07-14,45,Produce,5797.352,0,101.73,0.0,0.0,0.0,0.0,0.0,0.0,0.0,0.0,0.0,0.0,0.0,14,0,7,2014,54.0,1.0,23.571428571428573,156.0,36.333333333333336,8.0,36.27272727272727,7.0,23.615384615384617,4681.457,6669.054253333334,30.0,25.88235294117647
997455,2014-07-15,45,Produce,5021.588,0,100.56,0.0,0.0,0.0,0.0,0.0,0.0,0.0,0.0,0.0,0.0,0.0,15,1,7,2014,32.0,5.0,19.571428571428573,86.0,36.888888888888886,24.0,20.90909090909091,4.0,22.846153846153847,7990.5938,6830.08752,7.0,23.0
999237,2014-07-16,45,Produce,9224.929,182,101.88,0.0,0.0,0.0,0.0,0.0,0.0,0.0,0.0,0.0,0.0,0.0,16,2,7,2014,7.0,16.0,20.142857142857142,2.0,42.0,45.0,11.454545454545455,11.0,22.53846153846154,4598.604,6487.797053333334,6.0,20.941176470588236
1001019,2014-07-17,45,Produce,4704.914,0,103.84,0.0,0.0,0.0,0.0,0.0,0.0,0.0,0.0,0.0,0.0,0.0,17,3,7,2014,5895.706,16.0,20.857142857142858,0.0,46.111111111111114,26.0,13.818181818181818,41.0,21.846153846153847,5803.974,6554.126920000001,6.0,21.647058823529413
1002801,2014-07-18,45,Produce,6027.161,0,103.83,0.0,0.0,0.0,0.0,0.0,0.0,0.0,0.0,0.0,0.0,0.0,18,4,7,2014,10279.481,22.0,21.714285714285715,7.0,43.0,3.0,22.0,80.0,20.076923076923077,8309.75,6711.718653333333,10.0,23.823529411764707
1004583,2014-07-19,45,Produce,7442.527,0,104.33333333333333,0.0,0.0,0.0,0.0,0.0,0.0,0.0,0.0,0.0,0.0,0.0,19,5,7,2014,4938.749,54.0,863.2437142857143,9.0,25.77777777777778,1.0,23.545454545454547,36.0,19.615384615384617,10126.647,6782.363253333334,35.0,27.529411764705884
1006365,2014-07-20,45,Produce,8885.798,0,104.83666666666667,0.0,0.0,0.0,0.0,0.0,0.0,0.0,0.0,0.0,0.0,0.0,20,6,7,2014,6323.897,32.0,2329.4552857142858,50.0,16.77777777777778,5.0,23.09090909090909,1.0,20.153846153846153,5373.016,6469.202453333333,73.0,28.764705882352942
1008147,2014-07-21,45,Produce,6293.481,1,105.34,0.0,0.0,0.0,0.0,0.0,0.0,0.0,0.0,0.0,0.0,0.0,21,0,7,2014,7668.063,7.0,3032.705142857143,50.0,18.333333333333332,6.0,21.09090909090909,2.0,19.76923076923077,4741.281,6391.87672,38.0,27.41176470588235
1009929,2014-07-22,45,Produce,5044.497,6,104.59,0.0,0.0,0.0,0.0,0.0,0.0,0.0,0.0,0.0,0.0,0.0,22,1,7,2014,9680.8125,5895.706,3932.976142857143,27.0,20.11111111111111,31.0,17.454545454545453,4.0,20.0,7470.286,6551.902920000001,2.0,23.235294117647058
1011711,2014-07-23,45,Produce,8268.46,178,103.81,0.0,0.0,0.0,0.0,1.0,0.0,0.0,0.0,0.0,0.0,0.0,23,2,7,2014,6787.11,10279.481,5020.699428571429,1.0,21.77777777777778,91.0,15.363636363636363,7.0,20.53846153846154,4230.58,6300.4891333333335,9.0,22.11764705882353
1013493,2014-07-24,45,Produce,4840.095,0,102.76,1.0,0.0,0.0,0.0,0.0,0.0,0.0,0.0,0.0,0.0,0.0,24,3,7,2014,5013.157,4938.749,6399.101214285714,5.0,26.77777777777778,19.0,17.727272727272727,27.0,21.46153846153846,5657.951,6360.6924,12.0,22.235294117647058
1015275,2014-07-25,45,Produce,5751.368,2,105.23,0.0,0.0,0.0,0.0,1.0,0.0,0.0,0.0,0.0,0.0,0.0,25,4,7,2014,8475.165,6323.897,7367.688357142857,16.0,24.77777777777778,3.0,21.636363636363637,25.0,17.46153846153846,7862.408,5977.227466666667,15.0,23.823529411764707
1017057,2014-07-26,45,Produce,7274.408,1,105.38000000000001,0.0,0.0,0.0,0.0,0.0,0.0,0.0,0.0,0.0,0.0,0.0,26,5,7,2014,4416.106,7668.063,7241.609928571429,16.0,20.0,2.0,24.727272727272727,17.0,18.923076923076923,9431.968,5425.377466666668,43.0,25.823529411764707
1018839,2014-07-27,45,Produce,8233.309,0,105.53,0.0,0.0,0.0,0.0,0.0,0.0,0.0,0.0,0.0,0.0,0.0,27,6,7,2014,6276.024,9680.8125,6983.8505000000005,22.0,672.0784444444445,5.0,24.272727272727273,2.0,21.307692307692307,5080.866,4750.467666666666,65.0,27.470588235294116
1020621,2014-07-28,45,Produce,5922.371,0,105.68,0.0,0.0,0.0,0.0,0.0,0.0,0.0,0.0,0.0,0.0,0.0,28,0,7,2014,8115.646,6787.11,6909.187214285715,54.0,1814.1318888888889,3.0,21.636363636363637,7.0,21.384615384615383,4518.769,4392.799933333334,33.0,25.58823529411765
1022403,2014-07-29,45,Produce,5150.339,0,104.91,0.0,0.0,0.0,0.0,0.0,0.0,0.0,0.0,0.0,0.0,0.0,29,1,7,2014,8248.037,5013.157,6902.348214285715,32.0,2362.3262222222224,29.0,13.909090909090908,18.0,21.846153846153847,7081.85,4077.047866666667,3.0,21.529411764705884
1024185,2014-07-30,45,Produce,8065.518,184,104.29,0.0,0.0,0.0,0.0,0.0,0.0,0.0,0.0,0.0,0.0,0.0,30,2,7,2014,5797.352,8475.165,6966.288642857143,7.0,3063.2036666666663,44.0,13.272727272727273,53.0,22.153846153846153,4219.387,3579.6954666666666,8.0,19.764705882352942
1025967,2014-07-31,45,Produce,4253.929,2,98.23,0.0,0.0,0.0,0.0,0.0,0.0,0.0,0.0,0.0,0.0,0.0,31,3,7,2014,5021.588,4416.106,6761.606428571429,5895.706,3913.432888888889,39.0,16.09090909090909,28.0,21.846153846153847,5501.653,3299.323466666667,11.0,20.294117647058822
1027749,2014-08-01,45,Produce,40.0,0,97.86,0.0,0.0,0.0,0.0,0.0,0.0,0.0,0.0,0.0,0.0,0.0,1,4,8,2014,9224.929,6276.024,6620.212428571429,10279.481,4986.634277777778,1.0,20.181818181818183,55.0,24.53846153846154,52.0,2924.7934000000005,9.0,21.352941176470587
1029531,2014-08-02,45,Produce,63.0,0,97.99333333333334,0.0,0.0,0.0,0.0,0.0,0.0,0.0,0.0,0.0,0.0,0.0,2,5,8,2014,4704.914,8115.646,6621.416857142857,4938.749,5734.757611111111,2.0,20.727272727272727,32.0,36.61538461538461,32.0,2402.8328666666666,33.0,24.11764705882353
1031313,2014-08-03,45,Produce,34.0,0,98.12666666666667,0.0,0.0,0.0,0.0,0.0,0.0,0.0,0.0,0.0,0.0,0.0,3,6,8,2014,6027.161,8248.037,6728.526,6323.897,6288.2195,6.0,21.181818181818183,3.0,44.92307692307692,3.0,1774.3016666666667,40.0,26.176470588235293
1033095,2014-08-04,45,Produce,6.0,0,98.26,0.0,0.0,0.0,0.0,0.0,0.0,0.0,0.0,0.0,0.0,0.0,4,0,8,2014,7442.527,5797.352,6769.784285714285,7668.063,7229.126722222222,12.0,18.90909090909091,10.0,44.76923076923077,8.0,1435.8439333333333,38.0,23.941176470588236
1034877,2014-08-05,45,Produce,6.0,0,97.34,0.0,0.0,0.0,0.0,1.0,0.0,0.0,0.0,0.0,0.0,0.0,5,1,8,2014,8885.798,5021.588,6734.2324285714285,9680.8125,7064.726722222223,34.0,15.272727272727273,11.0,43.46153846153846,5.0,1134.926,3.0,20.529411764705884
1036659,2014-08-06,45,Produce,11.0,1,96.93,0.0,0.0,0.0,0.0,0.0,0.0,0.0,0.0,0.0,0.0,0.0,6,2,8,2014,6293.481,9224.929,6638.072571428572,6787.11,6619.898166666667,47.0,12.909090909090908,23.0,39.53846153846154,10.0,663.6693333333334,4.0,19.0
1038441,2014-08-07,45,Produce,10.0,0,97.34,0.0,0.0,0.0,0.0,0.0,0.0,0.0,0.0,0.0,0.0,0.0,7,3,8,2014,5044.497,4704.914,6729.181285714286,5013.157,6972.886722222222,11.0,17.818181818181817,60.0,38.0,25.0,384.3102,8.0,19.294117647058822
1040223,2014-08-08,45,Produce,40.0,0,97.61,0.0,0.0,0.0,0.0,0.0,0.0,0.0,0.0,0.0,0.0,0.0,8,4,8,2014,8268.46,6027.161,6800.056857142858,8475.165,7186.6800555555565,8.0,31.818181818181817,174.0,35.61538461538461,40.0,21.866666666666667,11.0,20.941176470588236
1042005,2014-08-09,45,Produce,67.0,0,97.77,0.0,0.0,0.0,0.0,0.0,0.0,0.0,0.0,0.0,0.0,0.0,9,5,8,2014,4840.095,7442.527,6803.329571428572,4416.106,6978.823277777778,4.0,39.09090909090909,110.0,36.61538461538461,33.0,20.333333333333332,27.0,24.176470588235293
1043787,2014-08-10,45,Produce,34.0,0,97.93,0.0,0.0,0.0,0.0,0.0,1.0,0.0,0.0,0.0,0.0,0.0,10,6,8,2014,5751.368,8885.798,6666.691142857143,6276.024,6461.131666666666,4.0,38.18181818181818,5.0,38.38461538461539,4.0,18.466666666666665,59.0,25.41176470588235
1045569,2014-08-11,45,Produce,17.0,0,98.09,0.0,0.0,0.0,0.0,0.0,0.0,0.0,0.0,0.0,0.0,0.0,11,0,8,2014,7274.408,6293.481,6686.002714285714,8115.646,6732.000444444445,13.0,35.09090909090909,1.0,37.84615384615385,4.0,18.4,50.0,23.823529411764707
1047351,2014-08-12,45,Produce,8.0,0,97.36,0.0,0.0,0.0,0.0,0.0,0.0,0.0,0.0,0.0,0.0,0.0,12,1,8,2014,8233.309,5044.497,6646.603714285715,8248.037,6697.751222222222,55.0,31.454545454545453,2.0,37.07692307692308,5.0,18.133333333333333,5.0,21.823529411764707
1049133,2014-08-13,45,Produce,13.0,1,97.57,0.0,0.0,0.0,0.0,0.0,0.0,0.0,0.0,0.0,0.0,0.0,13,2,8,2014,5922.371,8268.46,6622.586714285715,5797.352,6425.750777777777,156.0,31.272727272727273,8.0,35.69230769230769,13.0,18.2,7.0,20.11764705882353
1050915,2014-08-14,45,Produce,14.0,0,95.54,0.0,0.0,0.0,0.0,0.0,0.0,0.0,0.0,0.0,0.0,0.0,14,3,8,2014,5150.339,4840.095,6529.374000000001,5021.588,6762.019777777778,86.0,35.09090909090909,24.0,31.53846153846154,29.0,19.8,7.0,20.470588235294116
1052697,2014-08-15,45,Produce,38.0,0,97.3,0.0,0.0,0.0,0.0,1.0,0.0,0.0,0.0,0.0,0.0,0.0,15,4,8,2014,8065.518,5751.368,6476.358285714286,9224.929,7051.994666666667,2.0,39.27272727272727,45.0,20.53846153846154,65.0,22.466666666666665,8.0,22.235294117647058
1054479,2014-08-16,45,Produce,53.0,0,97.01333333333334,0.0,0.0,0.0,0.0,0.0,0.0,0.0,0.0,0.0,0.0,0.0,16,5,8,2014,4253.929,7274.408,6491.478571428571,4704.914,6849.53188888889,0.0,41.36363636363637,26.0,19.076923076923077,29.0,21.733333333333334,36.0,25.58823529411765
1056261,2014-08-17,45,Produce,43.0,0,96.72666666666666,0.0,0.0,0.0,0.0,0.0,0.0,0.0,0.0,0.0,0.0,0.0,17,6,8,2014,40.0,8233.309,6462.486857142857,6027.161,6493.5830000000005,7.0,40.27272727272727,3.0,20.153846153846153,4.0,19.8,66.0,26.823529411764707
1058043,2014-08-18,45,Produce,5.0,0,96.44,0.0,0.0,0.0,0.0,0.0,0.0,0.0,0.0,0.0,0.0,0.0,18,0,8,2014,63.0,5922.371,6378.748857142858,7442.527,6768.150555555555,9.0,35.72727272727273,1.0,20.307692307692307,2.0,19.8,30.0,25.41176470588235
1059825,2014-08-19,45,Produce,7.0,0,94.35,0.0,0.0,0.0,0.0,0.0,0.0,0.0,0.0,0.0,0.0,0.0,19,1,8,2014,34.0,5150.339,5562.839142857143,8885.798,6747.984666666667,50.0,23.0,5.0,20.307692307692307,4.0,19.733333333333334,6.0,22.352941176470587
1061607,2014-08-20,45,Produce,5.0,1,96.4,0.0,0.0,0.0,0.0,0.0,0.0,0.0,0.0,0.0,0.0,0.0,20,2,8,2014,6.0,8065.518,4532.638,6293.481,6362.033444444444,50.0,16.636363636363637,6.0,20.076923076923077,6.0,20.2,6.0,19.941176470588236
1063389,2014-08-21,45,Produce,9.0,0,93.97,0.0,0.0,0.0,0.0,0.0,0.0,0.0,0.0,0.0,0.0,0.0,21,3,8,2014,6.0,4253.929,3361.3081428571427,5044.497,6647.532777777778,27.0,18.454545454545453,31.0,18.46153846153846,34.0,21.466666666666665,9.0,20.529411764705884
1065171,2014-08-22,45,Produce,36.0,0,93.61,0.0,0.0,0.0,0.0,0.0,0.0,0.0,0.0,0.0,0.0,0.0,22,4,8,2014,11.0,40.0,2516.112285714286,8268.46,6892.660333333333,1.0,23.363636363636363,91.0,17.23076923076923,65.0,529.2699333333334,9.0,23.11764705882353
1066953,2014-08-23,45,Produce,57.0,0,94.20333333333333,0.0,0.0,0.0,0.0,0.0,0.0,0.0,0.0,0.0,0.0,0.0,23,5,8,2014,10.0,63.0,1781.2067142857143,4840.095,6723.754111111111,5.0,25.636363636363637,19.0,18.615384615384617,29.0,1000.8567333333333,34.0,25.58823529411765
1068735,2014-08-24,45,Produce,40.0,0,94.79666666666667,0.0,0.0,0.0,0.0,1.0,0.0,0.0,0.0,0.0,0.0,0.0,24,6,8,2014,40.0,34.0,630.5612857142858,5751.368,6308.703111111111,16.0,25.454545454545453,3.0,21.384615384615383,4.0,1486.4880466666666,65.0,26.941176470588236
1070517,2014-08-25,45,Produce,8.0,0,95.39,0.0,0.0,0.0,0.0,0.0,0.0,0.0,0.0,0.0,0.0,0.0,25,0,8,2014,67.0,6.0,24.285714285714285,7274.408,6505.596111111111,16.0,556.8823636363636,2.0,21.384615384615383,4.0,2094.8516466666665,32.0,25.11764705882353
1072299,2014-08-26,45,Produce,8.0,0,95.78,0.0,0.0,0.0,0.0,0.0,0.0,0.0,0.0,0.0,0.0,0.0,26,1,8,2014,34.0,6.0,24.285714285714285,8233.309,6417.755222222222,22.0,1486.8351818181818,5.0,21.153846153846153,3.0,2738.450913333333,3.0,21.647058823529413
1074081,2014-08-27,45,Produce,7.0,1,95.82,0.0,0.0,0.0,0.0,0.0,0.0,0.0,0.0,0.0,0.0,0.0,27,2,8,2014,17.0,11.0,24.857142857142858,5922.371,5503.4818888888885,54.0,1933.3578181818184,3.0,21.153846153846153,12.0,3080.4189133333334,7.0,20.11764705882353
1075863,2014-08-28,45,Produce,9.0,0,96.44,0.0,0.0,0.0,0.0,0.0,0.0,0.0,0.0,0.0,0.0,0.0,28,3,8,2014,8.0,10.0,24.857142857142858,5150.339,4972.6935555555565,32.0,2508.1666363636364,29.0,19.692307692307693,32.0,3483.4768466666665,9.0,20.176470588235293
1077645,2014-08-29,45,Produce,40.0,0,97.86,0.0,0.0,0.0,0.0,0.0,0.0,0.0,0.0,0.0,0.0,0.0,29,4,8,2014,13.0,40.0,26.428571428571427,8065.518,4337.430444444445,7.0,3204.8087272727275,44.0,15.307692307692308,7646.049,3949.9647133333333,15.0,21.352941176470587
1079427,2014-08-30,45,Produce,85.0,0,96.625,0.0,0.0,0.0,0.0,0.0,0.0,0.0,0.0,0.0,0.0,0.0,30,5,8,2014,14.0,67.0,26.714285714285715,4253.929,3529.829555555555,5895.706,4083.4280454545456,39.0,17.46153846153846,7138.802,4652.169779999999,51.0,24.0
1081209,2014-08-31,45,Produce,45.0,0,95.39,0.0,0.0,0.0,0.0,0.0,0.0,0.0,0.0,0.0,0.0,0.0,31,6,8,2014,38.0,34.0,27.0,40.0,2615.684111111111,10279.481,4698.9835,1.0,18.076923076923077,7313.4697,4990.571779999999,49.0,24.764705882352942
1082991,2014-09-01,45,Produce,7772.831,0,94.155,0.0,0.0,0.0,0.0,0.0,0.0,0.0,0.0,0.0,0.0,0.0,1,0,9,2014,53.0,17.0,27.571428571428573,63.0,1958.8651111111112,4938.749,5152.725045454546,2.0,18.53846153846154,9129.454,5299.6670466666665,31.0,22.88235294117647
1084773,2014-09-02,45,Produce,5639.105,0,92.92,0.0,0.0,0.0,0.0,0.0,0.0,0.0,0.0,0.0,0.0,0.0,2,1,9,2014,43.0,8.0,27.285714285714285,34.0,1387.7163333333333,6323.897,5918.2855,6.0,18.46153846153846,9655.989,5826.565613333333,5.0,19.294117647058822
1086555,2014-09-03,45,Produce,9604.708,174,95.5,0.0,0.0,0.0,0.0,0.0,0.0,0.0,0.0,0.0,0.0,0.0,3,2,9,2014,5.0,13.0,25.285714285714285,6.0,495.9921111111111,7668.063,6316.840590909092,12.0,18.53846153846154,5133.52,6108.79068,7.0,17.823529411764707
1088337,2014-09-04,45,Produce,5001.107,1,94.51,0.0,0.0,0.0,0.0,0.0,0.0,0.0,0.0,0.0,0.0,0.0,4,3,9,2014,7.0,14.0,26.571428571428573,6.0,30.77777777777778,9680.8125,6886.751863636364,34.0,17.307692307692307,6051.869,6454.63568,4.0,18.0
1090119,2014-09-05,45,Produce,6270.282,0,93.32,0.0,0.0,0.0,0.0,0.0,0.0,0.0,0.0,0.0,0.0,0.0,5,4,9,2014,5.0,38.0,24.857142857142858,11.0,30.11111111111111,6787.11,7088.564590909091,47.0,18.153846153846153,7031.318,6924.278213333333,7.0,19.58823529411765
1091901,2014-09-06,45,Produce,8898.028,0,93.09333333333333,0.0,0.0,0.0,0.0,0.0,0.0,0.0,0.0,0.0,0.0,0.0,6,5,9,2014,9.0,53.0,24.714285714285715,10.0,25.0,5013.157,6903.887863636363,11.0,27.153846153846153,10598.076,7112.2238800000005,26.0,22.88235294117647
1093683,2014-09-07,45,Produce,10986.203,0,92.86666666666666,0.0,0.0,0.0,0.0,0.0,0.0,0.0,0.0,0.0,0.0,0.0,7,6,9,2014,36.0,43.0,23.571428571428573,40.0,22.11111111111111,8475.165,6981.942681818182,8.0,33.69230769230769,5105.03,7062.114813333334,54.0,23.647058823529413
1095465,2014-09-08,45,Produce,6237.254,2,92.64,0.0,0.0,0.0,0.0,0.0,0.0,0.0,0.0,0.0,0.0,0.0,8,0,9,2014,57.0,5.0,22.857142857142858,67.0,22.88888888888889,4416.106,6863.550954545455,4.0,33.69230769230769,4640.429,6887.965566666667,22.0,21.0
1097247,2014-09-09,45,Produce,5022.931,1,92.73,0.0,0.0,0.0,0.0,0.0,0.0,0.0,0.0,0.0,0.0,0.0,9,1,9,2014,40.0,7.0,22.571428571428573,34.0,23.77777777777778,6276.024,7005.084227272728,4.0,33.23076923076923,7907.4785,6811.319966666667,2.0,18.235294117647058
1099029,2014-09-10,45,Produce,9285.33,174,91.71,0.0,0.0,0.0,0.0,0.0,0.0,0.0,0.0,0.0,0.0,0.0,10,2,9,2014,8.0,5.0,23.142857142857142,17.0,26.77777777777778,8115.646,6552.729818181819,13.0,32.84615384615385,4236.376,6463.1683,4.0,16.529411764705884
1100811,2014-09-11,45,Produce,4633.861,0,92.89,0.0,0.0,0.0,0.0,0.0,0.0,0.0,0.0,0.0,0.0,0.0,11,3,9,2014,8.0,9.0,22.714285714285715,8.0,31.555555555555557,8248.037,6483.643545454545,55.0,30.923076923076923,5199.675,6505.5482999999995,7.0,16.647058823529413
1102593,2014-09-12,45,Produce,5391.402,0,92.18,0.0,0.0,0.0,0.0,0.0,0.0,0.0,0.0,0.0,0.0,0.0,12,4,9,2014,7.0,36.0,23.142857142857142,13.0,31.88888888888889,5797.352,6704.495363636363,156.0,31.153846153846153,7076.638,6637.7473666666665,6.0,17.764705882352942
1104375,2014-09-13,45,Produce,8173.551,0,92.40666666666667,0.0,0.0,0.0,0.0,0.0,0.0,0.0,0.0,0.0,0.0,0.0,13,5,9,2014,9.0,57.0,23.285714285714285,14.0,25.0,5021.588,6741.825636363636,86.0,34.15384615384615,10465.234,6855.362166666667,34.0,20.705882352941178
1106157,2014-09-14,45,Produce,10230.555,0,92.63333333333334,0.0,0.0,0.0,0.0,0.0,0.0,0.0,0.0,0.0,0.0,0.0,14,6,9,2014,40.0,40.0,23.571428571428573,38.0,22.0,9224.929,6912.4960909090905,2.0,35.61538461538461,6387.166,6552.557700000001,65.0,21.88235294117647
1107939,2014-09-15,45,Produce,5946.619,0,92.86,0.0,0.0,0.0,0.0,0.0,0.0,0.0,0.0,0.0,0.0,0.0,15,0,9,2014,85.0,8.0,23.571428571428573,53.0,20.666666666666668,4704.914,6800.53909090909,0.0,35.38461538461539,4701.231,6521.908166666667,28.0,20.647058823529413
1109721,2014-09-16,45,Produce,5835.497,0,94.91,0.0,0.0,0.0,0.0,0.0,0.0,0.0,0.0,0.0,0.0,0.0,16,1,9,2014,45.0,8.0,24.142857142857142,43.0,20.77777777777778,6027.161,6814.431272727274,7.0,35.46153846153846,7979.77,6765.295233333334,6.0,17.647058823529413
1111503,2014-09-17,45,Produce,8864.708,182,94.33,0.0,0.0,0.0,0.0,0.0,0.0,0.0,0.0,0.0,0.0,0.0,17,2,9,2014,7772.831,7.0,28.142857142857142,5.0,23.333333333333332,7442.527,6504.618363636365,9.0,35.69230769230769,4433.714,6538.595666666667,2.0,16.647058823529413
1113285,2014-09-18,45,Produce,4043.627,0,93.07,0.0,0.0,0.0,0.0,0.0,0.0,0.0,0.0,0.0,0.0,0.0,18,3,9,2014,5639.105,9.0,28.857142857142858,7.0,28.11111111111111,8885.798,6500.438000000001,50.0,32.69230769230769,5769.22,6615.634333333333,2.0,17.470588235294116
1115067,2014-09-19,45,Produce,5407.557,0,92.43,0.0,0.0,0.0,0.0,0.0,0.0,0.0,0.0,0.0,0.0,0.0,19,4,9,2014,9604.708,40.0,1138.1187142857143,5.0,28.333333333333332,6293.481,6705.239818181819,50.0,22.384615384615383,8034.855,6840.968533333334,7.0,18.235294117647058
1116849,2014-09-20,45,Produce,8526.152,0,92.10666666666667,0.0,0.0,0.0,0.0,0.0,0.0,0.0,0.0,0.0,0.0,0.0,20,5,9,2014,5001.107,85.0,1942.5622857142857,9.0,23.333333333333332,5044.497,6615.092545454545,27.0,19.923076923076923,10295.54,7011.930600000001,26.0,19.941176470588236
1118631,2014-09-21,45,Produce,9236.825,0,91.78333333333333,0.0,0.0,0.0,0.0,0.0,0.0,0.0,0.0,0.0,0.0,0.0,21,6,9,2014,6270.282,45.0,3313.6634285714285,36.0,19.444444444444443,8268.46,6725.7704545454535,1.0,22.23076923076923,6056.009,6695.778266666666,54.0,21.88235294117647
1120413,2014-09-22,45,Produce,5889.164,0,91.46,0.0,0.0,0.0,0.0,0.0,0.0,0.0,0.0,0.0,0.0,0.0,22,0,9,2014,8898.028,7772.831,4026.8215714285716,57.0,19.666666666666668,4840.095,6646.059363636364,5.0,22.76923076923077,4645.287,6270.2338666666665,27.0,20.0
1122195,2014-09-23,45,Produce,4658.653,0,91.55,0.0,0.0,0.0,0.0,0.0,0.0,0.0,0.0,0.0,0.0,0.0,23,1,9,2014,10986.203,5639.105,4916.861857142858,40.0,19.88888888888889,5751.368,6702.694909090909,16.0,475.7466153846154,8291.235,5957.085133333333,5.0,16.41176470588235
1123977,2014-09-24,45,Produce,8185.201,181,93.6,0.0,0.0,0.0,0.0,0.0,0.0,0.0,0.0,0.0,0.0,0.0,24,2,9,2014,6237.254,9604.708,6175.865857142858,8.0,23.77777777777778,7274.408,6281.615909090909,16.0,1265.7836153846151,4506.985,5425.567133333333,3.0,15.117647058823529
1125759,2014-09-25,45,Produce,3976.302,0,93.59,0.0,0.0,0.0,0.0,0.0,0.0,0.0,0.0,0.0,0.0,0.0,25,3,9,2014,5022.931,5001.107,7738.894857142857,8.0,32.22222222222222,8233.309,5713.117636363637,22.0,1641.8412307692308,5391.956,5131.1862,5.0,14.941176470588236
1127541,2014-09-26,45,Produce,5056.651,1,95.55,0.0,0.0,0.0,0.0,0.0,0.0,0.0,0.0,0.0,0.0,0.0,26,4,9,2014,9285.33,6270.282,7519.526714285715,7.0,33.22222222222222,5922.371,5260.254272727273,54.0,2124.448692307692,8579.688,4749.504866666667,16.0,15.588235294117647
1129323,2014-09-27,45,Produce,8448.874,1,95.21,0.0,0.0,0.0,0.0,0.0,0.0,0.0,0.0,0.0,0.0,0.0,27,5,9,2014,4633.861,8898.028,7431.501857142857,9.0,890.5367777777778,5150.339,4511.667,32.0,2712.2227692307692,9641.069,4215.647866666667,17.0,18.0
1131105,2014-09-28,45,Produce,9703.036,0,94.87,0.0,0.0,0.0,0.0,1.0,0.0,0.0,0.0,0.0,0.0,0.0,28,6,9,2014,5391.402,10986.203,7385.876428571429,40.0,1512.6595555555555,8065.518,4072.203818181819,7.0,3456.8237307692307,5722.949,3529.411866666667,36.0,17.705882352941178
1132887,2014-09-29,45,Produce,5575.149,3,94.53,0.0,0.0,0.0,0.0,0.0,0.0,0.0,0.0,0.0,0.0,0.0,29,0,9,2014,8173.551,6237.254,7333.412714285715,85.0,2578.9604444444444,4253.929,3549.8976363636366,5895.706,3978.5245,4.0,3125.8779333333337,39.0,16.176470588235293
1134669,2014-09-30,45,Produce,5400.742,1,91.17,0.0,0.0,0.0,0.0,0.0,0.0,0.0,0.0,0.0,0.0,0.0,30,1,9,2014,10230.555,5022.931,7207.858428571429,45.0,3133.750111111111,40.0,2889.587818181818,10279.481,4362.921192307693,4.0,2816.992133333333,2.0,13.0
1136451,2014-10-01,45,Produce,10931.831,181,90.74,0.0,0.0,0.0,0.0,0.0,0.0,0.0,0.0,0.0,0.0,0.0,1,2,10,2014,5946.619,9285.33,7104.361714285714,7772.831,3829.6703333333335,63.0,2142.014272727273,4938.749,5013.626192307693,7.0,2264.7764666666667,4.0,11.411764705882353
1138233,2014-10-02,45,Produce,5294.411,0,91.02,0.0,0.0,0.0,0.0,0.0,0.0,0.0,0.0,0.0,0.0,0.0,2,3,10,2014,5835.497,4633.861,6996.411999999999,5639.105,4817.340111111112,34.0,1607.2532727272728,6323.897,5351.634346153847,18.0,1965.3774666666666,6.0,11.117647058823529
1140015,2014-10-03,45,Produce,6306.309,1,89.76,0.0,0.0,0.0,0.0,0.0,0.0,0.0,0.0,0.0,0.0,0.0,3,4,10,2014,8864.708,5391.402,6954.892714285714,9604.708,6033.5848888888895,6.0,1145.1315454545454,7668.063,5830.251576923077,44.0,1609.2470666666668,3.0,10.941176470588236
1141797,2014-10-04,45,Produce,8726.007,0,89.95,0.0,0.0,0.0,0.0,0.0,0.0,0.0,0.0,0.0,0.0,0.0,4,5,10,2014,4043.627,8173.551,7070.973571428572,5001.107,6717.168666666667,6.0,414.9935454545455,9680.8125,6452.070500000001,27.0,1039.3345333333334,13.0,11.823529411764707
1143579,2014-10-05,45,Produce,10700.526,0,90.14,0.0,0.0,0.0,0.0,0.0,0.0,0.0,0.0,0.0,0.0,0.0,5,6,10,2014,5407.557,10230.555,7010.884714285714,6270.282,7270.272111111111,11.0,29.818181818181817,6787.11,7085.996423076924,2.0,397.26326666666665,43.0,12.823529411764707
1145361,2014-10-06,45,Produce,5821.03,0,90.33,0.0,0.0,0.0,0.0,0.0,0.0,0.0,0.0,0.0,0.0,0.0,6,0,10,2014,8526.152,5946.619,6926.565571428572,8898.028,7438.327555555556,10.0,26.90909090909091,5013.157,7078.430730769231,3.0,16.2,2.0,11.882352941176471
1147143,2014-10-07,45,Produce,4943.428,0,88.89,0.0,0.0,0.0,0.0,1.0,0.0,0.0,0.0,0.0,0.0,0.0,7,1,10,2014,9236.825,5835.497,6928.873428571429,10986.203,7326.633777777777,40.0,22.363636363636363,8475.165,6673.9774230769235,12.0,16.2,0.0,10.117647058823529
1148925,2014-10-08,45,Produce,8317.613,179,87.29,0.0,0.0,0.0,0.0,0.0,0.0,0.0,0.0,0.0,0.0,0.0,8,2,10,2014,5889.164,8864.708,6979.245,6237.254,6858.488666666667,67.0,20.545454545454547,4416.106,7003.6835769230765,8.0,16.666666666666668,0.0,7.882352941176471
1150707,2014-10-09,45,Produce,4380.559,0,85.76,0.0,0.0,0.0,0.0,0.0,0.0,0.0,0.0,1.0,0.0,0.0,9,3,10,2014,4658.653,4043.627,6837.283571428571,5022.931,7210.982444444444,34.0,23.454545454545453,6276.024,6879.146423076923,16.0,18.933333333333334,0.0,8.294117647058824
1152489,2014-10-10,45,Produce,7534.609,0,85.87,0.0,0.0,0.0,0.0,0.0,0.0,0.0,0.0,0.0,0.0,1.0,10,4,10,2014,8185.201,5407.557,6829.075714285714,9285.33,7651.012777777777,17.0,27.727272727272727,8115.646,6752.923192307693,50.0,23.066666666666666,0.0,8.647058823529411
1154271,2014-10-11,45,Produce,8069.265,1,85.82333333333334,0.0,0.0,0.0,0.0,0.0,0.0,0.0,0.0,0.0,0.0,0.0,11,5,10,2014,3976.302,8526.152,6660.955142857143,4633.861,7323.078444444445,8.0,30.636363636363637,8248.037,6580.747384615386,31.0,22.533333333333335,0.0,11.764705882352942
1156053,2014-10-12,45,Produce,9458.1,0,85.77666666666667,0.0,0.0,0.0,0.0,0.0,0.0,0.0,0.0,0.0,0.0,0.0,12,6,10,2014,5056.651,9236.825,6563.882714285714,5391.402,6750.777777777777,13.0,30.181818181818183,5797.352,6742.184923076924,10.0,20.8,20.0,13.058823529411764
1157835,2014-10-13,45,Produce,5594.223,0,85.73,0.0,0.0,0.0,0.0,0.0,0.0,0.0,0.0,0.0,0.0,0.0,13,0,10,2014,8448.874,5889.164,6554.264857142857,8173.551,7042.717111111111,14.0,27.181818181818183,5021.588,6840.671384615385,7.0,20.8,33.0,12.411764705882353
1159617,2014-10-14,45,Produce,4702.126,1,81.72,0.0,0.0,0.0,0.0,0.0,0.0,0.0,0.0,0.0,0.0,0.0,14,1,10,2014,9703.036,4658.653,6504.135428571428,10230.555,6933.905555555556,38.0,21.545454545454547,9224.929,6576.773846153846,4.0,20.866666666666667,1.0,10.117647058823529
1161399,2014-10-15,45,Produce,8528.555,184,81.82,0.0,0.0,0.0,0.0,0.0,0.0,0.0,0.0,0.0,0.0,0.0,15,2,10,2014,5575.149,8185.201,6493.095714285715,5946.619,6503.041888888889,53.0,19.272727272727273,4704.914,6873.108769230768,11.0,20.533333333333335,6.0,10.352941176470589
1163181,2014-10-16,45,Produce,4451.489,1,82.33,0.0,0.0,0.0,0.0,0.0,0.0,0.0,0.0,0.0,0.0,0.0,16,3,10,2014,5400.742,3976.302,6559.6972857142855,5835.497,6935.518666666667,43.0,21.0,6027.161,6762.652692307693,41.0,21.8,1.0,11.058823529411764
1164963,2014-10-17,45,Produce,5311.367,1,82.8,0.0,0.0,0.0,0.0,0.0,0.0,0.0,0.0,0.0,0.0,0.0,17,4,10,2014,10931.831,5056.651,6514.838000000001,8864.708,7362.787888888889,5.0,25.454545454545453,7442.527,6580.785153846154,80.0,22.4,9.0,12.588235294117647
1166745,2014-10-18,45,Produce,8100.613,0,82.78666666666666,0.0,0.0,0.0,0.0,0.0,0.0,0.0,0.0,0.0,0.0,0.0,18,5,10,2014,5294.411,8448.874,6620.850714285713,4043.627,7108.967111111111,7.0,27.90909090909091,8885.798,6505.890615384615,36.0,20.2,10.0,16.0
1168527,2014-10-19,45,Produce,9919.414,0,82.77333333333334,0.0,0.0,0.0,0.0,0.0,0.0,0.0,0.0,0.0,0.0,0.0,19,6,10,2014,6306.309,9703.036,7013.226428571429,5407.557,6489.86688888889,5.0,27.363636363636363,6293.481,6693.2719230769235,1.0,18.266666666666666,59.0,17.58823529411765
1170309,2014-10-20,45,Produce,5927.696,0,82.76,0.0,0.0,0.0,0.0,0.0,0.0,0.0,0.0,0.0,0.0,0.0,20,0,10,2014,8726.007,5575.149,7201.527714285715,8526.152,6738.598222222223,9.0,24.636363636363637,5044.497,6762.562923076923,2.0,18.066666666666666,25.0,17.941176470588236
1172091,2014-10-21,45,Produce,4553.168,0,83.25,0.0,0.0,0.0,0.0,0.0,0.0,0.0,0.0,0.0,0.0,0.0,21,1,10,2014,10700.526,5400.742,7380.050285714286,9236.825,6532.021,36.0,20.454545454545453,8268.46,6449.132923076922,4.0,18.8,2.0,16.823529411764707
1173873,2014-10-22,45,Produce,8644.451,183,80.52,0.0,0.0,0.0,0.0,0.0,0.0,0.0,0.0,0.0,0.0,0.0,22,2,10,2014,5821.03,10931.831,7419.640714285714,5889.164,6108.903555555556,57.0,17.363636363636363,4840.095,6707.640923076924,7.0,22.066666666666666,4.0,15.117647058823529
1175655,2014-10-23,45,Produce,4096.277,0,82.81,0.0,0.0,0.0,0.0,0.0,0.0,0.0,0.0,0.0,0.0,0.0,23,3,10,2014,4943.428,5294.411,7562.1392857142855,4658.653,6598.375444444445,40.0,20.545454545454547,5751.368,6571.238461538461,27.0,23.2,6.0,15.294117647058824
1177437,2014-10-24,45,Produce,5032.962,0,81.27,0.0,0.0,0.0,0.0,0.0,0.0,0.0,0.0,0.0,0.0,0.0,24,4,10,2014,8317.613,6306.309,7597.265142857143,8185.201,7075.650888888889,8.0,27.636363636363637,7274.408,6001.813307692307,25.0,24.133333333333333,12.0,17.58823529411765
1179219,2014-10-25,45,Produce,7868.037,0,81.26666666666667,0.0,0.0,0.0,0.0,0.0,0.0,0.0,0.0,0.0,0.0,0.0,25,5,10,2014,4380.559,8726.007,7531.934571428572,3976.302,6747.761666666667,8.0,31.272727272727273,8233.309,5323.136538461538,17.0,20.933333333333334,26.0,21.88235294117647
1181001,2014-10-26,45,Produce,9642.72,0,81.26333333333334,0.0,0.0,0.0,0.0,0.0,0.0,0.0,0.0,0.0,0.0,0.0,26,6,10,2014,7534.609,10700.526,7158.474857142856,5056.651,6321.530222222222,7.0,737.0755454545455,5922.371,4841.638,2.0,18.733333333333334,58.0,23.11764705882353
1182783,2014-10-27,45,Produce,5490.153,5,81.26,0.0,0.0,0.0,0.0,0.0,0.0,0.0,0.0,0.0,0.0,0.0,27,0,10,2014,8069.265,5821.03,7027.924571428572,8448.874,6881.826555555555,9.0,1246.4487272727272,5150.339,4454.061307692307,7.0,19.333333333333332,27.0,22.647058823529413
1184565,2014-10-28,45,Produce,3985.583,0,81.36,0.0,0.0,0.0,0.0,0.0,0.0,0.0,0.0,0.0,0.0,0.0,28,1,10,2014,9458.1,4943.428,7203.396,9703.036,6952.466333333334,40.0,2114.422181818182,8065.518,3818.4874615384615,18.0,19.933333333333334,6.0,19.235294117647058
1186347,2014-10-29,45,Produce,8311.384,185,82.25,0.0,0.0,0.0,0.0,0.0,0.0,0.0,0.0,0.0,0.0,0.0,29,2,10,2014,5594.223,8317.613,7109.575714285714,5575.149,6743.700555555555,85.0,2565.431909090909,4253.929,3447.0186153846157,53.0,21.2,1.0,18.235294117647058
1188129,2014-10-30,45,Produce,4069.111,0,81.06,0.0,0.0,0.0,0.0,0.0,0.0,0.0,0.0,0.0,0.0,0.0,30,3,10,2014,4702.126,4380.559,6932.086285714286,5400.742,7271.445555555555,45.0,3134.730272727273,40.0,3005.3749230769236,28.0,24.733333333333334,4.0,18.705882352941178
1189911,2014-10-31,45,Produce,4802.3,0,80.53,0.0,0.0,0.0,0.0,0.0,0.0,0.0,0.0,0.0,0.0,0.0,31,4,10,2014,8528.555,7534.609,6899.685285714286,10931.831,7898.542777777777,7772.831,3942.9146363636364,63.0,2448.8819999999996,55.0,34.53333333333333,4.0,19.58823529411765
1191693,2014-11-01,45,Produce,7815.361,0,79.94333333333333,0.0,0.0,0.0,0.0,0.0,0.0,0.0,0.0,0.0,0.0,0.0,1,5,11,2014,4451.489,8069.265,6865.2135714285705,5294.411,7606.560111111111,5639.105,4941.024,34.0,1820.7043846153845,32.0,40.2,45.0,22.0
1193475,2014-11-02,45,Produce,7909.949,0,79.35666666666667,0.0,0.0,0.0,0.0,0.0,1.0,0.0,0.0,0.0,0.0,0.0,2,6,11,2014,5311.367,9458.1,6895.348142857144,6306.309,7077.714777777777,9604.708,5507.22890909091,6.0,1367.7527692307692,3.0,39.4,74.0,23.235294117647058
1195257,2014-11-03,45,Produce,11046.792,0,78.77,0.0,0.0,0.0,0.0,0.0,1.0,0.0,0.0,0.0,0.0,0.0,3,0,11,2014,8100.613,5594.223,6905.481,8726.007,7382.433,5001.107,5960.2226363636355,6.0,972.8805384615384,10.0,39.333333333333336,30.0,22.0
1197039,2014-11-04,45,Produce,6640.309,0,77.15,0.0,0.0,0.0,0.0,0.0,0.0,0.0,0.0,0.0,0.0,0.0,4,1,11,2014,9919.414,4702.126,6587.875,10700.526,7269.079333333333,6270.282,6796.616272727272,11.0,353.07146153846156,11.0,39.0,2.0,18.88235294117647
1198821,2014-11-05,45,Produce,9601.041,183,78.71,0.0,0.0,0.0,0.0,0.0,0.0,0.0,0.0,0.0,0.0,0.0,5,2,11,2014,5927.696,8528.555,6592.353285714286,5821.03,6891.610222222222,8898.028,7213.785454545455,10.0,26.846153846153847,23.0,38.333333333333336,1.0,17.529411764705884
1200603,2014-11-06,45,Produce,4953.895,0,77.87,0.0,0.0,0.0,0.0,0.0,0.0,1.0,0.0,0.0,0.0,0.0,6,3,11,2014,4553.168,4451.489,6658.2552857142855,4943.428,7199.927333333332,10986.203,6997.291909090909,40.0,24.846153846153847,60.0,36.4,8.0,17.705882352941178
1202385,2014-11-07,45,Produce,5283.837,1,78.71,0.0,0.0,0.0,0.0,0.0,0.0,1.0,0.0,0.0,0.0,0.0,7,4,11,2014,8644.451,5311.367,6705.894285714286,8317.613,7550.126333333334,6237.254,7227.696090909091,67.0,22.923076923076923,174.0,37.53333333333333,10.0,19.58823529411765
1204167,2014-11-08,45,Produce,7908.246,0,78.28333333333333,0.0,0.0,0.0,0.0,0.0,0.0,0.0,0.0,0.0,0.0,0.0,8,5,11,2014,4096.277,8100.613,6684.614571428572,4380.559,7202.150333333334,5022.931,7284.591272727273,34.0,24.384615384615383,110.0,35.6,19.0,22.294117647058822
1205949,2014-11-09,45,Produce,9948.45,0,77.85666666666667,0.0,0.0,0.0,0.0,0.0,0.0,0.0,0.0,0.0,0.0,0.0,9,6,11,2014,5032.962,9919.414,6701.171142857143,7534.609,6535.661444444444,9285.33,7370.546909090909,17.0,27.23076923076923,5.0,33.666666666666664,47.0,24.352941176470587
1207731,2014-11-10,45,Produce,6085.497,1,77.43,0.0,0.0,0.0,0.0,1.0,0.0,0.0,0.0,0.0,0.0,0.0,10,0,11,2014,7868.037,5927.696,6650.426571428572,8069.265,6836.497555555556,4633.861,7331.021,8.0,27.153846153846153,1.0,33.53333333333333,33.0,22.0
1209513,2014-11-11,45,Produce,4655.095,0,77.85,0.0,0.0,0.0,0.0,1.0,0.0,0.0,0.0,0.0,0.0,0.0,11,1,11,2014,9642.72,4553.168,6610.654428571429,9458.1,6781.837666666666,5391.402,7327.991909090909,13.0,26.846153846153847,2.0,33.2,5.0,17.705882352941178
1211295,2014-11-12,45,Produce,7829.866,181,77.16,0.0,0.0,0.0,0.0,1.0,0.0,0.0,0.0,0.0,0.0,0.0,12,2,11,2014,5490.153,8644.451,6577.4292857142855,5594.223,6447.810333333334,8173.551,6696.848636363637,14.0,26.46153846153846,8.0,32.86666666666667,5.0,16.294117647058822
1213077,2014-11-13,45,Produce,4331.546,0,74.13,0.0,0.0,0.0,0.0,0.0,0.0,0.0,0.0,0.0,0.0,0.0,13,3,11,2014,3985.583,4096.277,6537.9015714285715,4702.126,6861.149666666667,10230.555,6621.421636363637,38.0,24.076923076923077,24.0,33.4,4.0,16.470588235294116
1214859,2014-11-14,45,Produce,5219.518,0,75.91,0.0,0.0,0.0,0.0,0.0,0.0,0.0,0.0,0.0,0.0,0.0,14,4,11,2014,8311.384,5032.962,6475.395428571428,8528.555,7126.128000000001,5946.619,6939.896272727273,53.0,21.692307692307693,45.0,35.46666666666667,9.0,18.11764705882353
1216641,2014-11-15,45,Produce,8417.693,0,75.82,0.0,0.0,0.0,0.0,0.0,0.0,0.0,0.0,0.0,0.0,0.0,15,5,11,2014,4069.111,7868.037,6394.311857142857,4451.489,6888.17588888889,5835.497,6935.486727272728,43.0,23.46153846153846,26.0,25.133333333333333,33.0,21.058823529411764
1218423,2014-11-16,45,Produce,10798.895,0,75.73,0.0,0.0,0.0,0.0,0.0,0.0,0.0,0.0,0.0,0.0,0.0,16,6,11,2014,4802.3,9642.72,6346.7308571428575,5311.367,6343.183444444444,8864.708,7049.605181818182,5.0,25.23076923076923,3.0,18.0,50.0,22.647058823529413
1220205,2014-11-17,45,Produce,6414.521,0,75.64,0.0,0.0,0.0,0.0,0.0,0.0,0.0,0.0,0.0,0.0,0.0,17,0,11,2014,7815.361,5490.153,6342.849999999999,8100.613,6682.097666666667,4043.627,6982.991636363636,7.0,25.23076923076923,1.0,17.8,39.0,21.823529411764707
1221987,2014-11-18,45,Produce,4796.592,0,74.55,0.0,0.0,0.0,0.0,0.0,0.0,0.0,0.0,0.0,0.0,0.0,18,1,11,2014,7909.949,3985.583,6309.8982857142855,9919.414,6614.781111111111,5407.557,6984.050727272726,5.0,24.846153846153847,5.0,18.066666666666666,5.0,19.235294117647058
1223769,2014-11-19,45,Produce,8095.743,181,74.55,0.0,0.0,0.0,0.0,0.0,0.0,0.0,0.0,0.0,0.0,0.0,19,2,11,2014,11046.792,8311.384,6302.373142857143,5927.696,6226.381888888889,8526.152,6415.482272727273,9.0,24.307692307692307,6.0,18.133333333333333,1.0,18.0
1225551,2014-11-20,45,Produce,4595.873,0,75.63,0.0,0.0,0.0,0.0,0.0,0.0,0.0,0.0,0.0,0.0,0.0,20,3,11,2014,6640.309,4069.111,6054.834428571428,4553.168,6605.998333333333,9236.825,6334.57609090909,36.0,22.076923076923077,31.0,19.533333333333335,6.0,19.058823529411764
1227333,2014-11-21,45,Produce,5559.37,0,76.52,0.0,0.0,0.0,0.0,0.0,0.0,0.0,0.0,0.0,0.0,0.0,21,4,11,2014,9601.041,4802.3,6848.64,8644.451,7087.259777777778,5889.164,6572.155818181817,57.0,21.076923076923077,91.0,20.866666666666667,5.0,20.0
1229115,2014-11-22,45,Produce,7798.718,0,76.25999999999999,0.0,0.0,0.0,0.0,0.0,0.0,0.0,0.0,0.0,0.0,0.0,22,5,11,2014,4953.895,7815.361,7227.886571428572,4096.277,6797.208666666666,4658.653,6648.367454545455,40.0,24.307692307692307,19.0,20.466666666666665,29.0,22.470588235294116
1230897,2014-11-23,45,Produce,10351.369,0,76.0,0.0,0.0,0.0,0.0,0.0,0.0,0.0,0.0,0.0,0.0,0.0,23,6,11,2014,5283.837,7909.949,7412.123285714285,5032.962,6137.89411111111,8185.201,6787.5967272727285,8.0,27.384615384615383,3.0,18.8,58.0,24.058823529411764
1232679,2014-11-24,45,Produce,6108.346,0,75.74,0.0,0.0,0.0,0.0,0.0,0.0,0.0,0.0,0.0,0.0,0.0,24,0,11,2014,7908.246,11046.792,7538.521,7868.037,6402.748333333333,3976.302,6786.9771818181825,8.0,624.7562307692308,2.0,18.733333333333334,37.0,22.352941176470587
1234461,2014-11-25,45,Produce,4410.317,0,74.04,0.0,0.0,0.0,0.0,0.0,0.0,0.0,0.0,0.0,0.0,0.0,25,1,11,2014,9948.45,6640.309,7607.312,9642.72,6348.964222222222,5056.651,7005.675272727272,7.0,1058.148923076923,5.0,19.066666666666666,5.0,19.88235294117647
1236243,2014-11-26,45,Produce,8801.049,188,73.7,0.0,0.0,0.0,0.0,0.0,0.0,0.0,0.0,0.0,0.0,0.0,26,2,11,2014,6085.497,9601.041,7620.581285714286,5490.153,5922.058555555555,8448.874,6647.274000000001,9.0,1796.2803076923078,3.0,19.533333333333335,3.0,18.176470588235293
1238025,2014-11-27,45,Produce,4237.1,0,69.82,0.0,0.0,0.0,0.0,0.0,0.0,0.0,0.0,0.0,0.0,0.0,27,3,11,2014,4655.095,4953.895,7911.795714285714,3985.583,6335.2901111111105,9703.036,6685.196272727273,40.0,2178.2116153846155,29.0,21.4,12.0,18.529411764705884
1239807,2014-11-28,45,Produce,5513.402,0,65.94,0.0,0.0,0.0,1.0,0.0,0.0,0.0,0.0,0.0,0.0,0.0,28,4,11,2014,7829.866,5283.837,7203.039285714286,8311.384,6654.955333333333,5575.149,7054.955727272726,85.0,2656.156384615385,44.0,22.466666666666665,23.0,21.058823529411764
1241589,2014-11-29,45,Produce,8178.899,0,66.95333333333333,0.0,0.0,0.0,0.0,0.0,0.0,0.0,0.0,0.0,0.0,0.0,29,5,11,2014,4331.546,7908.246,6919.437285714286,4069.111,7008.150333333334,5400.742,7283.621636363635,45.0,3337.543153846154,39.0,17.133333333333333,21.0,24.647058823529413
1243371,2014-11-30,45,Produce,10307.38,0,67.96666666666667,0.0,0.0,0.0,0.0,0.0,0.0,0.0,0.0,0.0,0.0,0.0,30,6,11,2014,5219.518,9948.45,6666.412285714286,4802.3,6674.549111111111,10931.831,7451.324181818181,7772.831,4182.020307692308,1.0,16.4,46.0,26.41176470588235
1245153,2014-12-01,45,Produce,7441.522,1,68.98,0.0,0.0,0.0,1.0,0.0,0.0,0.0,0.0,0.0,0.0,0.0,1,0,12,2014,8417.693,6085.497,6577.5052857142855,7815.361,7131.314444444444,5294.411,7441.031181818181,5639.105,4661.193692307693,2.0,16.466666666666665,36.0,25.11764705882353
1246935,2014-12-02,45,Produce,5903.188,0,66.99,0.0,0.0,0.0,0.0,0.0,0.0,0.0,0.0,0.0,0.0,0.0,2,1,12,2014,10798.895,4655.095,6568.316857142857,7909.949,7238.904666666667,6306.309,7429.0983636363635,9604.708,5047.0345384615375,6.0,16.6,4.0,22.0
1248717,2014-12-03,45,Produce,8756.905,187,67.3,0.0,0.0,0.0,0.0,0.0,0.0,0.0,0.0,0.0,0.0,0.0,3,2,12,2014,6414.521,7829.866,6641.095,11046.792,6902.510555555556,8726.007,6945.236818181817,5001.107,5760.598384615384,12.0,17.133333333333333,8.0,20.352941176470587
1250499,2014-12-04,45,Produce,4472.673,0,66.73,0.0,0.0,0.0,0.0,0.0,0.0,0.0,0.0,0.0,0.0,0.0,4,3,12,2014,4796.592,4331.546,6762.587142857143,6640.309,7329.081111111111,10700.526,7123.369545454544,6270.282,6113.972307692307,34.0,20.6,10.0,20.647058823529413
1252281,2014-12-05,45,Produce,5754.191,2,65.89,1.0,0.0,0.0,0.0,0.0,0.0,0.0,0.0,0.0,0.0,0.0,5,4,12,2014,8095.743,5219.518,6809.590571428571,9601.041,7900.875555555556,5821.03,7365.962545454545,8898.028,6522.157076923077,47.0,29.066666666666666,11.0,22.0
1254063,2014-12-06,45,Produce,7084.43,0,64.97,0.0,0.0,0.0,0.0,1.0,0.0,0.0,0.0,0.0,0.0,0.0,6,5,12,2014,4595.873,8417.693,6829.804428571428,4953.895,7708.6684444444445,4943.428,7231.987,10986.203,7147.430230769231,11.0,31.866666666666667,44.0,24.470588235294116
1255845,2014-12-07,45,Produce,10712.098,0,64.05,0.0,0.0,0.0,0.0,0.0,0.0,0.0,0.0,0.0,0.0,0.0,7,6,12,2014,5559.37,10798.895,6867.786857142857,5283.837,7347.018,8317.613,7259.242636363636,6237.254,7336.4859230769225,8.0,29.4,67.0,24.235294117647058
1257627,2014-12-08,45,Produce,6749.833,0,63.13,0.0,0.0,0.0,0.0,1.0,0.0,0.0,0.0,0.0,0.0,0.0,8,0,12,2014,7798.718,6414.521,6905.547857142857,7908.246,6989.581777777778,4380.559,7113.407818181819,5022.931,7360.140846153847,4.0,29.333333333333332,35.0,24.11764705882353
1259409,2014-12-09,45,Produce,5196.974,0,63.74,0.0,0.0,0.0,0.0,0.0,0.0,0.0,0.0,0.0,0.0,0.0,9,1,12,2014,10351.369,4796.592,6954.098142857142,9948.45,6733.052555555555,7534.609,7095.457636363636,9285.33,7070.201538461538,4.0,29.666666666666668,7.0,21.647058823529413
1261191,2014-12-10,45,Produce,8242.458,187,60.99,0.0,0.0,0.0,0.0,0.0,0.0,0.0,0.0,0.0,0.0,0.0,10,2,12,2014,6108.346,8095.743,6865.673142857143,6085.497,6246.216666666667,8069.265,6527.363363636364,4633.861,7367.401615384615,13.0,29.866666666666667,5.0,20.11764705882353
1262973,2014-12-11,45,Produce,4766.128,0,60.01,0.0,0.0,0.0,0.0,0.0,0.0,0.0,0.0,0.0,0.0,0.0,11,3,12,2014,4410.317,4595.873,6801.740857142858,4655.095,6631.083111111112,9458.1,6481.030363636364,5391.402,7196.120461538462,55.0,32.4,9.0,21.11764705882353
1264755,2014-12-12,45,Produce,5599.873,1,57.81,0.0,0.0,0.0,0.0,0.0,0.0,0.0,0.0,0.0,0.0,0.0,12,4,12,2014,8801.049,5559.37,6758.001571428571,7829.866,7243.867333333333,5594.223,6768.047181818182,8173.551,6927.622692307692,156.0,33.46666666666667,10.0,23.88235294117647
1266537,2014-12-13,45,Produce,7171.813,0,57.193333333333335,0.0,0.0,0.0,0.0,0.0,0.0,0.0,0.0,0.0,0.0,0.0,13,5,12,2014,4237.1,7798.718,6702.819428571428,4331.546,7077.897888888889,4702.126,6913.665454545454,10230.555,6738.388000000001,86.0,32.13333333333333,26.0,26.823529411764707
1268319,2014-12-14,45,Produce,9403.321,0,56.57666666666667,0.0,0.0,0.0,0.0,0.0,0.0,0.0,0.0,0.0,0.0,0.0,14,6,12,2014,5513.402,10351.369,6803.577428571429,5219.518,6505.469222222222,8528.555,7054.3142727272725,5946.619,6969.124230769231,2.0,31.466666666666665,54.0,28.294117647058822
1270101,2014-12-15,45,Produce,7074.243,0,55.96,0.0,0.0,0.0,0.0,0.0,0.0,0.0,0.0,0.0,0.0,0.0,15,0,12,2014,8178.899,6108.346,6752.324142857143,8417.693,6728.8298888888885,4451.489,6783.274181818182,5835.497,7035.757538461539,0.0,31.266666666666666,19.0,27.176470588235293
1271883,2014-12-16,45,Produce,5427.799,0,55.97,0.0,0.0,0.0,0.0,0.0,0.0,0.0,0.0,0.0,0.0,0.0,16,1,12,2014,10307.38,4410.317,6745.757285714286,10798.895,6722.249666666667,5311.367,6835.5638181818185,8864.708,6679.859307692308,7.0,32.06666666666667,19.0,25.529411764705884
1273665,2014-12-17,45,Produce,8385.857,188,56.43,0.0,0.0,0.0,0.0,0.0,0.0,0.0,0.0,0.0,0.0,0.0,17,2,12,2014,7441.522,8801.049,6800.068857142856,6414.521,6469.972333333333,8100.613,6348.1253636363635,4043.627,6953.039307692307,9.0,32.86666666666667,4.0,24.647058823529413
1275447,2014-12-18,45,Produce,5418.612,1,54.18,0.0,0.0,0.0,0.0,0.0,0.0,0.0,0.0,0.0,0.0,0.0,18,3,12,2014,5903.188,4237.1,6793.7847142857145,4796.592,6855.2136666666665,9919.414,6297.101636363636,5407.557,6844.185461538462,50.0,33.46666666666667,10.0,26.88235294117647
1277229,2014-12-19,45,Produce,5829.0723,2,56.91,0.0,0.0,0.0,0.0,0.0,0.0,0.0,0.0,0.0,0.0,0.0,19,4,12,2014,8756.905,5513.402,6984.238428571429,8095.743,7425.419333333334,5927.696,6584.911727272727,8526.152,6604.423923076924,50.0,33.4,21.0,29.647058823529413
1279011,2014-12-20,45,Produce,7555.808,2,56.35666666666666,0.0,0.0,0.0,0.0,0.0,0.0,0.0,0.0,0.0,0.0,0.0,20,5,12,2014,4472.673,8178.899,7197.505714285714,4595.873,7168.825222222222,4553.168,6686.1994545454545,9236.825,6467.371538461539,27.0,25.133333333333333,55.0,32.705882352941174
1280793,2014-12-21,45,Produce,10073.836,2,55.803333333333335,0.0,1.0,0.0,0.0,0.0,0.0,0.0,0.0,0.0,0.0,0.0,21,6,12,2014,5754.191,10307.38,7191.199428571429,5559.37,6458.983222222222,8644.451,6780.623454545455,5889.164,6756.326692307692,1.0,19.866666666666667,60.0,36.529411764705884
1282575,2014-12-22,45,Produce,9530.05,2,55.25,0.0,1.0,0.0,0.0,1.0,0.0,0.0,0.0,0.0,0.0,0.0,22,0,12,2014,7084.43,7441.522,7224.852714285715,7798.718,6724.153,4096.277,6660.097636363637,4658.653,6736.299923076924,5.0,412.7804,36.0,37.88235294117647
1284357,2014-12-23,45,Produce,9230.417,1,56.78,0.0,1.0,0.0,0.0,0.0,0.0,0.0,0.0,0.0,0.0,0.0,23,1,12,2014,10712.098,5903.188,7259.251142857143,10351.369,6661.987222222222,5032.962,6679.2586363636365,8185.201,6469.840999999999,16.0,1098.0791333333332,25.0,563.385294117647
1286139,2014-12-24,45,Produce,8959.028,188,55.7,0.0,1.0,0.0,0.0,0.0,0.0,0.0,0.0,0.0,0.0,0.0,24,2,12,2014,6749.833,8756.905,7102.89842857143,6108.346,6375.060444444444,7868.037,6147.412909090909,3976.302,6999.702846153847,16.0,1426.8624000000002,39.0,966.5261764705882
1287921,2014-12-26,45,Produce,7552.353,2,54.59,0.0,1.0,1.0,0.0,0.0,0.0,0.0,0.0,0.0,0.0,0.0,26,4,12,2014,5196.974,4472.673,7160.7152857142855,4410.317,6773.174444444445,9642.72,6045.104181818181,5056.651,6990.999307692307,22.0,1847.8555333333331,20.0,1594.135823529412
1289703,2014-12-27,45,Produce,6389.477,2,54.21333333333334,0.0,0.0,0.0,0.0,0.0,0.0,0.0,0.0,0.0,0.0,0.0,27,5,12,2014,8242.458,5754.191,7061.902571428572,8801.049,7300.731111111111,5490.153,6341.667181818182,8448.874,6820.242153846154,54.0,2355.7264,45.0,2223.874058823529
1291485,2014-12-28,45,Produce,6941.394,0,53.836666666666666,0.0,0.0,0.0,0.0,0.0,0.0,0.0,0.0,0.0,0.0,0.0,28,6,12,2014,4766.128,7084.43,6961.014857142857,4237.1,7261.042666666666,3985.583,6274.894272727272,9703.036,6780.948461538462,32.0,2997.780566666667,52.0,2593.927705882353
1293267,2014-12-29,45,Produce,7486.529,2,53.46,0.0,0.0,0.0,0.0,0.0,0.0,0.0,0.0,0.0,0.0,0.0,29,0,12,2014,5599.873,10712.098,6887.5224285714285,5513.402,6766.800333333334,8311.384,6906.759272727272,5575.149,7151.05323076923,7.0,3448.454566666667,61.0,2890.0328235294114
1295049,2014-12-30,45,Produce,9085.631,2,54.14,0.0,0.0,0.0,0.0,0.0,0.0,0.0,0.0,0.0,0.0,0.0,30,1,12,2014,7171.813,6749.833,6929.44457142857,8178.899,7061.084666666667,4069.111,7052.8817272727265,5400.742,7240.466846153847,5895.706,3782.5983666666666,75.0,3437.676176470588
1296831,2014-12-31,45,Produce,8127.5938,187,53.45,0.0,1.0,0.0,0.0,0.0,0.0,0.0,0.0,0.0,0.0,0.0,31,2,12,2014,9403.321,5196.974,6907.399142857142,10307.38,7068.013111111111,4802.3,7210.427545454546,10931.831,6991.099692307693,10279.481,4347.2760333333335,49.0,3708.4410588235296
1300395,2015-01-02,45,Produce,88.0,0,52.72,0.0,0.0,1.0,0.0,0.0,0.0,0.0,0.0,0.0,0.0,0.0,2,4,1,2015,7074.243,8242.458,6919.882428571428,7441.522,6729.473333333333,7815.361,6784.170727272727,5294.411,7325.046692307691,4938.749,4640.616433333334,8987.55,4029.7664705882353
1302177,2015-01-03,45,Produce,71.0,0,51.83,0.0,0.0,0.0,0.0,0.0,0.0,0.0,0.0,0.0,0.0,0.0,3,5,1,2015,5427.799,4766.128,6732.914285714285,5903.188,7045.843333333334,7909.949,6765.414727272727,6306.309,7273.039615384614,6323.897,5057.951366666666,6872.395,4520.784058823529
1303959,2015-01-04,45,Produce,34.0,0,50.94,0.0,0.0,0.0,0.0,0.0,0.0,0.0,0.0,0.0,0.0,0.0,4,6,1,2015,8385.857,5599.873,6779.2585714285715,8756.905,7623.476222222222,11046.792,7122.0204545454535,8726.007,7202.711538461538,7668.063,5597.527766666667,10688.364,5093.682764705883
1305741,2015-01-05,45,Produce,4.0,0,50.05,0.0,0.0,0.0,0.0,0.0,0.0,0.0,0.0,0.0,0.0,0.0,5,0,1,2015,5418.612,7171.813,6812.233571428571,4472.673,7464.691111111111,6640.309,7270.844636363638,10700.526,7077.036846153846,9680.8125,6143.7969,10709.55,5426.544823529412
1307523,2015-01-06,45,Produce,5.0,0,47.98,0.0,0.0,0.0,0.0,0.0,0.0,0.0,0.0,0.0,0.0,0.0,6,1,1,2015,5829.0723,9403.321,6832.719142857143,5754.191,6896.868222222222,9601.041,7454.152454545454,5821.03,7375.725384615384,6787.11,6528.1537,6300.912,5699.277588235294
1309305,2015-01-07,45,Produce,7.0,1,48.69,0.0,0.0,0.0,0.0,0.0,0.0,0.0,0.0,0.0,0.0,0.0,7,2,1,2015,7555.808,7074.243,6925.931142857144,7084.43,6985.861111111111,4953.895,7440.770181818181,4943.428,7390.608538461538,5013.157,6862.459566666667,5054.787,6166.253694117647
1311087,2015-01-08,45,Produce,10.0,0,48.8,0.0,0.0,0.0,0.0,0.0,0.0,0.0,0.0,0.0,0.0,0.0,8,3,1,2015,10073.836,5427.799,6958.673900000001,10712.098,6859.52111111111,5283.837,7442.088818181818,8317.613,6911.400461538461,8475.165,7084.407766666667,9364.937,6433.171576470589
1312869,2015-01-09,45,Produce,37.0,0,48.35,0.0,0.0,0.0,0.0,0.0,0.0,0.0,0.0,0.0,0.0,0.0,9,4,1,2015,9530.05,8385.857,7013.530328571428,6749.833,6508.739777777777,7908.246,7116.779454545455,4380.559,7160.180769230769,4416.106,6712.769966666666,4663.003,6770.170047058823
1314651,2015-01-10,45,Produce,45.0,0,47.586666666666666,0.0,0.0,0.0,0.0,0.0,0.0,0.0,0.0,0.0,0.0,0.0,10,5,1,2015,9230.417,5418.612,7109.318185714286,5196.974,6808.644222222221,9948.45,6587.027272727273,7534.609,7017.502307692308,6276.024,6785.330766666667,5498.532,7256.096517647058
1316433,2015-01-11,45,Produce,34.0,0,46.82333333333334,0.0,0.0,0.0,0.0,0.0,0.0,0.0,0.0,0.0,0.0,0.0,11,6,1,2015,8959.028,5829.0723,7460.147757142857,8242.458,7214.1031111111115,6085.497,6748.6076363636375,8069.265,6754.837692307692,8115.646,6859.906100000001,8372.299,7323.102223529412
1318215,2015-01-12,45,Produce,7.0,0,46.06,0.0,0.0,0.0,0.0,0.0,0.0,0.0,0.0,0.0,0.0,0.0,12,0,1,2015,7552.353,7555.808,8003.378900000001,4766.128,7212.9712222222215,4655.095,6857.503454545455,9458.1,6554.844384615384,8248.037,6941.088433333334,9778.278,7234.90345882353
1319997,2015-01-13,45,Produce,4.0,0,45.92,0.0,0.0,0.0,0.0,0.0,0.0,0.0,0.0,0.0,0.0,0.0,13,1,1,2015,6389.477,10073.836,8085.260471428571,5599.873,6625.826888888889,7829.866,6990.287636363637,5594.223,6870.104692307693,5797.352,6715.266333333333,5678.655,6885.075047058824
1321779,2015-01-14,45,Produce,8.0,1,48.49,0.0,0.0,0.0,0.0,0.0,0.0,0.0,0.0,0.0,0.0,0.0,14,2,1,2015,6941.394,9530.05,8390.080614285715,7171.813,6807.607333333333,4331.546,6945.992636363636,4702.126,6945.817615384615,5021.588,6599.0921333333345,4681.457,6694.530105882353
1323561,2015-01-15,45,Produce,20.0,0,46.37,0.0,0.0,0.0,0.0,0.0,0.0,0.0,0.0,0.0,0.0,0.0,15,3,1,2015,7486.529,9230.417,8470.138428571428,9403.321,6832.2337777777775,5219.518,6963.037818181818,8528.555,6656.244923076923,9224.929,6816.1123333333335,7990.5938,6572.745870588236
1325343,2015-01-16,45,Produce,27.0,0,48.49,0.0,0.0,0.0,0.0,0.0,0.0,0.0,0.0,0.0,0.0,0.0,16,4,1,2015,9085.631,8959.028,8382.365,7074.243,6564.079811111111,8417.693,6476.43990909091,4451.489,6984.236615384615,4704.914,6573.774333333333,4598.604,6608.226105882353
1327125,2015-01-17,45,Produce,61.0,0,48.065,0.0,0.0,0.0,0.0,0.0,0.0,0.0,0.0,0.0,0.0,0.0,17,5,1,2015,8127.5938,7552.353,8012.749714285715,5427.799,6874.0442555555555,10798.895,6428.610181818181,5311.367,6719.749538461538,6027.161,6662.7918,5803.974,6519.842047058824
1328907,2015-01-18,45,Produce,27.0,0,47.64,0.0,0.0,0.0,0.0,0.0,0.0,0.0,0.0,0.0,0.0,0.0,18,6,1,2015,88.0,6389.477,7949.261285714286,8385.857,7371.151255555556,6414.521,6714.39409090909,8100.613,6486.187769230769,7442.527,6729.350733333334,8309.75,6800.369400000001
1330689,2015-01-19,45,Produce,2.0,0,47.215,0.0,0.0,0.0,0.0,0.0,0.0,0.0,0.0,0.0,0.0,0.0,19,0,1,2015,71.0,6941.394,7791.715114285714,5418.612,7633.177588888889,4796.592,6943.621636363637,9919.414,6363.875230769232,8885.798,6737.194933333333,10126.647,6775.800811764706
1332471,2015-01-20,45,Produce,3.0,0,46.79,0.0,0.0,0.0,0.0,0.0,0.0,0.0,0.0,0.0,0.0,0.0,20,1,1,2015,34.0,7486.529,6524.4254,5829.0723,7613.966033333334,8095.743,7105.14890909091,5927.696,6675.298076923077,6293.481,6582.150533333333,5373.016,6549.122576470589
1334253,2015-01-21,45,Produce,8.0,1,47.85,0.0,0.0,0.0,0.0,0.0,0.0,0.0,0.0,0.0,0.0,0.0,21,2,1,2015,4.0,9085.631,5455.660685714285,7555.808,7823.3865888888895,4595.873,7031.585181818183,4553.168,6735.915538461539,5044.497,6539.016333333333,4741.281,6390.5091647058825
1336035,2015-01-22,45,Produce,6.0,0,45.93,0.0,0.0,0.0,0.0,0.0,0.0,0.0,0.0,0.0,0.0,0.0,22,3,1,2015,5.0,8127.5938,4547.7354,10073.836,8059.448144444444,5559.37,7066.4357272727275,8644.451,6386.456153846153,8268.46,6741.945000000001,7470.286,6304.669870588235
1337817,2015-01-23,45,Produce,39.0,0,45.26,0.0,0.0,0.0,0.0,0.0,0.0,0.0,0.0,0.0,0.0,0.0,23,4,1,2015,7.0,88.0,3556.679114285714,9530.05,7837.628144444445,7798.718,6469.90890909091,4096.277,6683.371153846154,4840.095,6410.545,4230.58,6352.916694117647
1339599,2015-01-24,45,Produce,60.0,0,45.10666666666666,0.0,0.0,0.0,0.0,0.0,0.0,0.0,0.0,0.0,0.0,0.0,24,5,1,2015,10.0,71.0,2487.8892571428564,9230.417,8006.826144444444,10351.369,6387.9890000000005,5032.962,6587.813,5751.368,6099.5507333333335,5657.951,5885.940588235295
1341381,2015-01-25,45,Produce,36.0,0,44.95333333333333,0.0,0.0,0.0,0.0,0.0,0.0,0.0,0.0,0.0,0.0,0.0,25,6,1,2015,37.0,34.0,1190.9419714285712,8959.028,8190.987999999999,6108.346,6695.471454545454,7868.037,6334.096615384615,7274.408,5701.94,7862.408,5617.3168235294115
1343163,2015-01-26,45,Produce,3.0,0,44.8,0.0,0.0,0.0,0.0,0.0,0.0,0.0,0.0,0.0,0.0,0.0,26,0,1,2015,45.0,4.0,31.285714285714285,7552.353,8360.968333333332,4410.317,6896.529363636363,9642.72,6172.246384615384,8233.309,5208.038199999999,9431.968,5276.08305882353
1344945,2015-01-27,45,Produce,8.0,0,45.84,0.0,0.0,0.0,0.0,0.0,0.0,0.0,0.0,0.0,0.0,0.0,27,1,1,2015,34.0,5.0,24.0,6389.477,8144.7192000000005,8801.049,7155.224727272726,5490.153,6324.727384615385,5922.371,4616.051666666666,5080.866,4787.744823529412
1346727,2015-01-28,45,Produce,4.0,1,44.08,0.0,0.0,0.0,0.0,0.0,0.0,0.0,0.0,0.0,0.0,0.0,28,2,1,2015,7.0,7.0,20.285714285714285,6941.394,7095.602533333334,4237.1,7186.48090909091,3985.583,6824.236923076922,5150.339,4196.886266666666,4518.769,4192.353823529412
1348509,2015-01-29,45,Produce,12.0,0,44.12,0.0,0.0,0.0,0.0,0.0,0.0,0.0,0.0,0.0,0.0,0.0,29,3,1,2015,4.0,10.0,20.285714285714285,7486.529,6077.889533333333,5513.402,7273.588818181818,8311.384,6670.072153846153,8065.518,3861.3197999999998,7081.85,3876.8822941176477
1350291,2015-01-30,45,Produce,45.0,0,47.79,0.0,0.0,0.0,0.0,0.0,0.0,0.0,0.0,0.0,0.0,0.0,30,4,1,2015,8.0,37.0,20.714285714285715,9085.631,5086.219755555556,8178.899,6739.161909090909,4069.111,7093.515538461539,4253.929,3310.7558,4219.387,3599.454
1352073,2015-01-31,45,Produce,59.0,0,48.276666666666664,0.0,0.0,0.0,0.0,0.0,0.0,0.0,0.0,0.0,0.0,0.0,31,5,1,2015,20.0,45.0,20.571428571428573,8127.5938,4247.513866666666,10307.38,6706.966,4802.3,7087.433461538462,40.0,2990.749466666667,5501.653,3162.3783529411767
1353855,2015-02-01,45,Produce,33.0,0,48.763333333333335,0.0,0.0,0.0,0.0,0.0,0.0,0.0,0.0,0.0,0.0,0.0,1,6,2,2015,27.0,34.0,20.714285714285715,88.0,3538.1275333333333,7441.522,6950.067181818182,7815.361,6888.648846153846,63.0,2611.7916,52.0,2915.4618823529418
1355637,2015-02-02,45,Produce,16.0,0,49.25,0.0,0.0,0.0,0.0,0.0,0.0,0.0,0.0,0.0,0.0,0.0,2,0,2,2015,61.0,7.0,22.142857142857142,71.0,2767.639311111111,5903.188,7123.79890909091,7909.949,6755.227769230769,34.0,2129.097733333333,32.0,2582.876529411765
1357419,2015-02-03,45,Produce,4.0,0,53.04,0.0,0.0,0.0,0.0,0.0,0.0,0.0,0.0,0.0,0.0,0.0,3,1,2,2015,27.0,4.0,20.714285714285715,34.0,1936.9138666666663,8756.905,7352.229181818183,11046.792,7098.173692307692,6.0,1581.3437999999999,3.0,2120.6172352941176
1359201,2015-02-04,45,Produce,8.0,1,48.45,0.0,0.0,0.0,0.0,0.0,0.0,0.0,0.0,0.0,0.0,0.0,4,2,2,2015,2.0,8.0,23.0,4.0,931.5104222222221,4472.673,7323.463,6640.309,7259.705538461539,6.0,1187.0524,8.0,1566.089705882353
1360983,2015-02-05,45,Produce,8.0,0,50.48,0.0,0.0,0.0,0.0,0.0,0.0,0.0,0.0,0.0,0.0,0.0,5,3,2,2015,3.0,20.0,22.0,5.0,33.44444444444444,5754.191,7329.241090909091,9601.041,6978.452538461539,11.0,844.5631333333333,5.0,1267.9799411764707
1362765,2015-02-06,45,Produce,24.0,0,51.66,0.0,0.0,0.0,0.0,0.0,0.0,0.0,0.0,0.0,0.0,0.0,6,4,2,2015,8.0,27.0,21.285714285714285,7.0,27.444444444444443,7084.43,6825.49090909091,4953.895,7267.741384615384,10.0,307.7952666666667,10.0,1003.8758823529412
1364547,2015-02-07,45,Produce,56.0,0,52.10333333333333,0.0,0.0,0.0,0.0,0.0,0.0,0.0,0.0,0.0,0.0,0.0,7,5,2,2015,6.0,61.0,21.142857142857142,10.0,20.333333333333332,10712.098,6658.068272727273,5283.837,7231.529538461539,40.0,26.733333333333334,25.0,591.12
1366329,2015-02-08,45,Produce,17.0,0,52.54666666666667,0.0,0.0,0.0,0.0,0.0,0.0,0.0,0.0,0.0,0.0,0.0,8,6,2,2015,39.0,27.0,21.142857142857142,37.0,17.0,6749.833,6773.397818181818,7908.246,7031.849307692308,67.0,27.6,40.0,344.62664705882355
1368111,2015-02-09,45,Produce,5.0,0,52.99,0.0,0.0,0.0,0.0,0.0,0.0,0.0,0.0,0.0,0.0,0.0,9,0,2,2015,60.0,2.0,19.142857142857142,45.0,17.444444444444443,5196.974,6832.162909090909,9948.45,7070.906538461539,34.0,26.266666666666666,33.0,21.235294117647058
1369893,2015-02-10,45,Produce,7.0,0,50.06,0.0,0.0,0.0,0.0,0.0,0.0,0.0,0.0,0.0,0.0,0.0,10,1,2,2015,36.0,3.0,20.857142857142858,34.0,19.11111111111111,8242.458,7068.669272727274,6085.497,7051.837538461539,17.0,24.333333333333332,4.0,18.294117647058822
1371675,2015-02-11,45,Produce,13.0,1,48.8,0.0,0.0,0.0,0.0,0.0,0.0,0.0,0.0,0.0,0.0,0.0,11,2,2,2015,3.0,8.0,20.714285714285715,7.0,21.333333333333332,4766.128,7038.9972727272725,4655.095,7034.469230769231,8.0,24.4,4.0,16.647058823529413
1373457,2015-02-12,45,Produce,9.0,0,51.17,0.0,0.0,0.0,0.0,0.0,0.0,0.0,0.0,0.0,0.0,0.0,12,3,2,2015,8.0,6.0,22.0,4.0,27.0,5599.873,7157.3088181818175,7829.866,6664.896230769231,13.0,24.333333333333332,5.0,16.823529411764707
1375239,2015-02-13,45,Produce,42.0,0,52.66,0.0,0.0,0.0,0.0,0.0,0.0,0.0,0.0,0.0,0.0,0.0,13,4,2,2015,4.0,39.0,22.142857142857142,8.0,25.88888888888889,7171.813,6676.082818181819,4331.546,6906.5768461538455,14.0,24.2,13.0,18.352941176470587
1377021,2015-02-14,45,Produce,85.0,0,52.885,0.0,0.0,0.0,0.0,0.0,0.0,0.0,0.0,0.0,0.0,0.0,14,5,2,2015,12.0,60.0,22.857142857142858,20.0,21.11111111111111,9403.321,6592.377299999999,5219.518,6853.656538461539,38.0,25.933333333333334,29.0,21.88235294117647
1378803,2015-02-15,45,Produce,73.0,0,53.11,0.0,0.0,0.0,0.0,0.0,0.0,0.0,0.0,0.0,0.0,0.0,15,6,2,2015,45.0,36.0,22.285714285714285,27.0,17.666666666666668,7074.243,6806.816754545455,8417.693,6672.973769230769,53.0,27.066666666666666,65.0,23.0
1380585,2015-02-16,45,Produce,62.0,0,53.335,0.0,0.0,0.0,0.0,0.0,1.0,0.0,0.0,0.0,0.0,0.0,16,0,2,2015,59.0,3.0,23.142857142857142,61.0,17.77777777777778,5427.799,6973.305663636363,10798.895,6507.6097692307685,43.0,25.266666666666666,29.0,21.764705882352942
1382367,2015-02-17,45,Produce,44.0,0,53.56,0.0,0.0,0.0,0.0,0.0,1.0,0.0,0.0,0.0,0.0,0.0,17,1,2,2015,33.0,8.0,24.0,27.0,18.0,8385.857,7406.389481818182,6414.521,6835.753769230769,5.0,23.533333333333335,4.0,19.647058823529413
1384149,2015-02-18,45,Produce,7.0,1,52.13,0.0,0.0,0.0,0.0,0.0,0.0,0.0,0.0,0.0,0.0,0.0,18,2,2,2015,16.0,4.0,23.857142857142858,2.0,21.444444444444443,5418.612,7736.438936363636,4796.592,6947.542307692308,7.0,22.933333333333334,2.0,17.88235294117647
1385931,2015-02-19,45,Produce,10.0,0,51.12,0.0,0.0,0.0,0.0,0.0,0.0,0.0,0.0,0.0,0.0,0.0,19,3,2,2015,4.0,12.0,23.428571428571427,3.0,25.88888888888889,5829.0723,7898.913027272726,8095.743,6684.500076923077,5.0,22.866666666666667,4.0,18.352941176470587
1387713,2015-02-20,45,Produce,28.0,0,49.95,0.0,0.0,0.0,0.0,0.0,0.0,0.0,0.0,0.0,0.0,0.0,20,4,2,2015,8.0,45.0,25.285714285714285,8.0,26.88888888888889,7555.808,7730.643209090908,4595.873,7028.308,9.0,22.6,6.0,20.0
1389495,2015-02-21,45,Produce,49.0,0,49.82,0.0,0.0,0.0,0.0,0.0,0.0,0.0,0.0,0.0,0.0,0.0,21,5,2,2015,8.0,59.0,24.714285714285715,6.0,20.444444444444443,10073.836,7668.391754545454,5559.37,6952.737384615385,36.0,24.333333333333332,34.0,469.4734705882353
1391277,2015-02-22,45,Produce,30.0,0,49.690000000000005,0.0,0.0,0.0,0.0,0.0,0.0,0.0,0.0,0.0,0.0,0.0,22,6,2,2015,24.0,33.0,25.285714285714285,39.0,18.333333333333332,9530.05,7805.9913,7798.718,6729.330384615386,57.0,27.466666666666665,65.0,888.638294117647
1393059,2015-02-23,45,Produce,3.0,0,49.56,0.0,0.0,0.0,0.0,0.0,0.0,0.0,0.0,0.0,0.0,0.0,23,0,2,2015,56.0,16.0,24.714285714285715,60.0,18.555555555555557,9230.417,7724.234209090909,10351.369,6527.792230769231,40.0,26.933333333333334,29.0,1317.1365117647058
1394841,2015-02-24,45,Produce,7.0,0,48.48,0.0,0.0,0.0,0.0,0.0,0.0,0.0,0.0,0.0,0.0,0.0,24,1,2,2015,17.0,4.0,21.714285714285715,36.0,19.555555555555557,8959.028,8057.599572727273,6108.346,6827.242923076923,8.0,542.2554,4.0,1850.339688235294
1396623,2015-02-25,45,Produce,2.0,1,50.25,0.0,0.0,0.0,0.0,0.0,0.0,0.0,0.0,0.0,0.0,0.0,25,2,2,2015,5.0,8.0,21.285714285714285,3.0,23.666666666666668,7552.353,8266.556072727273,4410.317,7030.699076923077,8.0,917.8624,4.0,2416.6331588235294
1398405,2015-02-26,45,Produce,10.0,0,47.65,0.0,0.0,0.0,0.0,0.0,0.0,0.0,0.0,0.0,0.0,0.0,26,3,2,2015,7.0,8.0,19.0,8.0,29.555555555555557,6389.477,7587.664436363636,8801.049,6862.040999999999,7.0,1557.7096,3.0,2718.369629411765
1400187,2015-02-27,45,Produce,28.0,0,49.84,0.0,0.0,0.0,0.0,0.0,0.0,0.0,0.0,0.0,0.0,0.0,27,4,2,2015,13.0,24.0,17.428571428571427,4.0,28.88888888888889,6941.394,6678.315709090909,4237.1,7182.120384615385,9.0,1890.7834,12.0,3074.2442764705884
1401969,2015-02-28,45,Produce,66.0,0,49.75666666666667,0.0,0.0,0.0,0.0,0.0,0.0,0.0,0.0,0.0,0.0,0.0,28,5,2,2015,9.0,56.0,17.857142857142858,12.0,24.0,7486.529,5815.038436363637,5513.402,7098.528307692308,40.0,2308.2022,32.0,3487.6159235294117
1403751,2015-03-01,45,Produce,40.0,0,49.67333333333334,0.0,0.0,0.0,0.0,0.0,0.0,0.0,0.0,0.0,0.0,0.0,1,6,3,2015,42.0,17.0,18.571428571428573,45.0,20.444444444444443,9085.631,4976.273254545455,8178.899,6941.257,85.0,2899.004066666667,7646.049,4110.679217647058
1405533,2015-03-02,45,Produce,5.0,0,49.59,0.0,0.0,0.0,0.0,1.0,0.0,0.0,0.0,0.0,0.0,0.0,2,0,3,2015,85.0,5.0,18.714285714285715,59.0,21.0,8127.5938,4162.270709090909,10307.38,6689.954,45.0,3627.6176,7138.802,4408.9751
1407315,2015-03-03,45,Produce,1.0,0,50.43,0.0,0.0,0.0,0.0,0.0,0.0,0.0,0.0,0.0,0.0,0.0,3,1,3,2015,73.0,7.0,21.285714285714285,33.0,21.0,88.0,3476.329527272727,7441.522,7044.088769230769,7772.831,4040.767866666667,7313.4697,4678.117982352941
1409097,2015-03-04,45,Produce,20.0,1,51.53,0.0,0.0,0.0,0.0,0.0,0.0,0.0,0.0,0.0,0.0,0.0,4,2,3,2015,62.0,13.0,25.428571428571427,16.0,23.22222222222222,71.0,2896.3770727272727,5903.188,7224.051538461538,5639.105,4375.0966,9129.454,5141.557894117646
1410879,2015-03-05,45,Produce,10.0,0,50.76,0.0,0.0,0.0,0.0,0.0,0.0,0.0,0.0,0.0,0.0,0.0,5,3,3,2015,44.0,9.0,33.42857142857143,4.0,28.11111111111111,34.0,2268.704890909091,8756.905,6946.8150000000005,9604.708,4993.585266666666,9655.989,5390.521188235294
1412661,2015-03-06,45,Produce,31.0,0,49.61,0.0,0.0,0.0,0.0,0.0,0.0,0.0,0.0,0.0,0.0,0.0,6,4,3,2015,7.0,42.0,41.57142857142857,8.0,25.0,4.0,1592.2022545454543,4472.673,7254.919461538461,5001.107,5302.042666666666,5133.52,5696.149129411765
1414443,2015-03-07,45,Produce,77.0,0,49.723333333333336,0.0,0.0,0.0,0.0,0.0,0.0,0.0,0.0,0.0,0.0,0.0,7,5,3,2015,10.0,85.0,46.857142857142854,8.0,19.0,5.0,769.3267090909089,5754.191,7197.436846153846,6270.282,5660.869466666667,6051.869,6112.245482352941
1416225,2015-03-08,45,Produce,60.0,0,49.836666666666666,0.0,0.0,0.0,0.0,0.0,0.0,0.0,0.0,0.0,0.0,0.0,8,6,3,2015,28.0,73.0,46.0,24.0,16.11111111111111,7.0,31.09090909090909,7084.43,6999.050230769231,8898.028,6203.106199999999,7031.318,6727.1416
1418007,2015-03-09,45,Produce,3.0,0,49.95,0.0,0.0,0.0,0.0,0.0,0.0,0.0,0.0,0.0,0.0,0.0,9,0,3,2015,49.0,62.0,46.142857142857146,56.0,15.777777777777779,10.0,23.454545454545453,10712.098,6757.852769230769,10986.203,6879.4765333333335,10598.076,7100.974894117647
1419789,2015-03-10,45,Produce,3.0,0,48.42,0.0,0.0,0.0,0.0,0.0,0.0,0.0,0.0,0.0,0.0,0.0,10,1,3,2015,30.0,44.0,44.142857142857146,17.0,16.333333333333332,37.0,17.727272727272727,6749.833,6908.760384615384,6237.254,7272.9178,5105.03,6927.750305882353
1421571,2015-03-11,45,Produce,11.0,1,48.06,0.0,0.0,0.0,0.0,0.0,0.0,0.0,0.0,0.0,0.0,0.0,11,2,3,2015,3.0,7.0,39.0,5.0,20.11111111111111,45.0,16.454545454545453,5196.974,6998.841538461538,5022.931,7143.762199999999,4640.429,6977.219011764706
1423353,2015-03-12,45,Produce,12.0,0,47.12,0.0,0.0,0.0,0.0,0.0,0.0,0.0,0.0,0.0,0.0,0.0,12,3,3,2015,7.0,10.0,32.857142857142854,7.0,28.666666666666668,34.0,18.545454545454547,8242.458,6742.756461538462,9285.33,7358.8024,7907.4785,6807.821617647059
1425135,2015-03-13,45,Produce,29.0,0,44.88,0.0,0.0,0.0,0.0,0.0,0.0,0.0,0.0,0.0,0.0,0.0,13,4,3,2015,2.0,28.0,24.428571428571427,13.0,34.111111111111114,7.0,23.636363636363637,4766.128,7043.770615384615,4633.861,6988.063666666667,4236.376,6610.160794117647
1426917,2015-03-14,45,Produce,56.0,0,44.56333333333333,0.0,0.0,0.0,0.0,0.0,0.0,0.0,0.0,0.0,0.0,0.0,14,5,3,2015,10.0,49.0,19.142857142857142,9.0,34.77777777777778,4.0,25.454545454545453,5599.873,7017.956846153846,5391.402,7015.160333333333,5199.675,6514.799970588235
1428699,2015-03-15,45,Produce,31.0,0,44.24666666666667,0.0,0.0,0.0,0.0,0.0,0.0,0.0,0.0,0.0,0.0,0.0,15,6,3,2015,28.0,30.0,18.428571428571427,42.0,37.77777777777778,8.0,24.727272727272727,7171.813,6921.390869230769,8173.551,7165.551666666667,7076.638,6818.448205882353
1430481,2015-03-16,45,Produce,2.0,0,43.93,0.0,0.0,0.0,0.0,0.0,0.0,0.0,0.0,0.0,0.0,0.0,16,0,3,2015,66.0,3.0,18.428571428571427,85.0,38.0,20.0,21.636363636363637,9403.321,6678.599330769231,10230.555,7188.138133333333,10465.234,6818.691735294118
1432263,2015-03-17,45,Produce,5.0,0,43.39,0.0,0.0,0.0,0.0,0.0,0.0,0.0,0.0,0.0,0.0,0.0,17,1,3,2015,40.0,7.0,18.428571428571427,73.0,38.333333333333336,27.0,18.272727272727273,7074.243,6934.2918692307685,5946.619,6848.335533333334,6387.166,6678.336970588236
1434045,2015-03-18,45,Produce,3.0,1,44.63,0.0,0.0,0.0,0.0,0.0,0.0,0.0,0.0,0.0,0.0,0.0,18,2,3,2015,5.0,2.0,20.857142857142858,62.0,40.0,61.0,15.727272727272727,5427.799,7267.605407692307,5835.497,6743.095466666667,4701.231,6542.6404411764715
1435827,2015-03-19,45,Produce,13.0,0,44.02,0.0,0.0,0.0,0.0,0.0,0.0,0.0,0.0,0.0,0.0,0.0,19,3,3,2015,1.0,10.0,22.285714285714285,44.0,44.44444444444444,27.0,18.636363636363637,8385.857,7343.602253846154,8864.708,6953.913466666666,7979.77,6507.461323529413
1437609,2015-03-20,45,Produce,37.0,0,46.0,0.0,0.0,0.0,0.0,0.0,0.0,0.0,0.0,0.0,0.0,0.0,20,4,3,2015,20.0,28.0,22.571428571428573,7.0,43.111111111111114,2.0,23.727272727272727,5418.612,7666.133023076924,4043.627,6599.978266666668,4433.714,6551.668794117647
1439391,2015-03-21,45,Produce,51.0,0,46.46666666666667,0.0,0.0,0.0,0.0,0.0,0.0,0.0,0.0,0.0,0.0,0.0,21,5,3,2015,10.0,66.0,21.714285714285715,10.0,34.0,3.0,26.272727272727273,5829.0723,7816.323792307691,5407.557,6628.164266666668,5769.22,6591.2105294117655
1441173,2015-03-22,45,Produce,29.0,0,46.93333333333333,0.0,0.0,0.0,0.0,0.0,0.0,0.0,0.0,0.0,0.0,0.0,22,6,3,2015,31.0,40.0,24.285714285714285,28.0,26.666666666666668,8.0,24.727272727272727,7555.808,7756.1441,8526.152,6831.995733333333,8034.855,6909.133647058823
1442955,2015-03-23,45,Produce,2.0,0,47.4,0.0,0.0,0.0,0.0,0.0,0.0,0.0,0.0,0.0,0.0,0.0,23,0,3,2015,77.0,5.0,24.285714285714285,49.0,20.0,6.0,23.0,10073.836,7566.7651000000005,9236.825,6933.9614,10295.54,6939.914470588235
1444737,2015-03-24,45,Produce,10.0,0,47.03,0.0,0.0,0.0,0.0,0.0,0.0,0.0,0.0,0.0,0.0,0.0,24,1,3,2015,60.0,1.0,24.714285714285715,30.0,16.22222222222222,39.0,17.818181818181817,9530.05,7598.479407692308,5889.164,6623.601,6056.009,6523.876941176471
1446519,2015-03-25,45,Produce,5.0,1,48.75,0.0,0.0,0.0,0.0,0.0,0.0,0.0,0.0,0.0,0.0,0.0,25,2,3,2015,3.0,20.0,26.285714285714285,3.0,18.555555555555557,60.0,16.454545454545453,9230.417,7879.8511,4658.653,6587.209199999999,4645.287,5908.510235294118
1448301,2015-03-26,45,Produce,6.0,0,51.41,0.0,0.0,0.0,0.0,0.0,0.0,0.0,0.0,0.0,0.0,0.0,26,3,3,2015,3.0,10.0,29.142857142857142,7.0,24.77777777777778,36.0,20.363636363636363,8959.028,7859.9847,8185.201,6926.964800000001,8291.235,5533.206352941176
1450083,2015-03-27,45,Produce,24.0,0,48.83,0.0,0.0,0.0,0.0,0.0,0.0,0.0,0.0,0.0,0.0,0.0,27,4,3,2015,11.0,31.0,28.857142857142858,2.0,26.11111111111111,3.0,25.454545454545453,7552.353,7449.937623076923,3976.302,6688.944999999999,4506.985,5257.722176470588
1451865,2015-03-28,45,Produce,59.0,0,48.77333333333333,0.0,0.0,0.0,0.0,0.0,0.0,0.0,0.0,0.0,0.0,0.0,28,5,3,2015,12.0,77.0,29.142857142857142,10.0,21.22222222222222,8.0,27.727272727272727,6389.477,7007.008984615385,5056.651,6839.790466666667,5391.956,4790.912176470588
1453647,2015-03-29,45,Produce,15.0,0,48.71666666666666,0.0,0.0,0.0,0.0,0.0,0.0,0.0,0.0,0.0,0.0,0.0,29,6,3,2015,29.0,60.0,27.857142857142858,28.0,18.0,4.0,28.636363636363637,6941.394,6428.4083692307695,8448.874,7061.020466666667,8579.688,4531.693705882353
1455429,2015-03-30,45,Produce,3.0,0,48.66,0.0,0.0,0.0,0.0,0.0,0.0,0.0,0.0,0.0,0.0,0.0,30,0,3,2015,56.0,3.0,28.142857142857142,66.0,19.88888888888889,12.0,25.454545454545453,7486.529,5653.805600000001,9703.036,7205.978733333333,9641.069,4192.445470588235
1457211,2015-03-31,45,Produce,2.0,0,47.72,0.0,0.0,0.0,0.0,0.0,0.0,0.0,0.0,0.0,0.0,0.0,31,1,3,2015,31.0,3.0,27.857142857142858,40.0,20.22222222222222,45.0,20.727272727272727,9085.631,4921.109446153846,5575.149,6978.2590666666665,5722.949,3719.983411764706
1458993,2015-04-01,45,Produce,4.0,1,50.12,0.0,0.0,0.0,0.0,0.0,0.0,1.0,0.0,0.0,0.0,0.0,1,2,4,2015,2.0,11.0,24.857142857142858,5.0,23.444444444444443,59.0,18.181818181818183,8127.5938,4211.61583076923,5400.742,6915.21,4.0,3115.069294117647
1460775,2015-04-02,45,Produce,20.0,0,49.13,0.0,0.0,0.0,0.0,0.0,0.0,0.0,0.0,0.0,0.0,0.0,2,3,4,2015,5.0,12.0,20.714285714285715,1.0,30.88888888888889,33.0,20.09090909090909,88.0,3523.229061538462,10931.831,7159.140666666667,4.0,2759.3040588235294
1462557,2015-04-03,45,Produce,38.0,0,49.8675,0.0,0.0,0.0,0.0,0.0,1.0,0.0,0.0,0.0,0.0,0.0,3,4,4,2015,3.0,29.0,20.571428571428573,20.0,34.44444444444444,16.0,24.454545454545453,71.0,2945.1249846153846,5294.411,6905.497866666667,7.0,2486.9930588235293
1464339,2015-04-04,45,Produce,47.0,0,50.605000000000004,0.0,0.0,0.0,0.0,0.0,0.0,0.0,0.0,0.0,0.0,0.0,4,5,4,2015,13.0,56.0,20.857142857142858,10.0,27.444444444444443,4.0,25.636363636363637,34.0,2457.0882923076924,6306.309,7142.718333333333,18.0,2002.2145294117645
1466121,2015-04-05,45,Produce,26.0,0,51.3425,0.0,0.0,0.0,0.0,0.0,0.0,0.0,0.0,0.0,0.0,0.0,5,6,4,2015,37.0,31.0,19.714285714285715,31.0,23.333333333333332,8.0,25.0,4.0,1925.7502923076922,8726.007,7343.559266666666,44.0,1738.921294117647
1467903,2015-04-06,45,Produce,3.0,0,52.08,0.0,0.0,0.0,0.0,0.0,0.0,0.0,0.0,0.0,0.0,0.0,6,0,4,2015,51.0,2.0,19.857142857142858,77.0,24.0,8.0,21.545454545454547,5.0,1350.4019076923073,10700.526,7410.840999999999,27.0,1422.3356470588237
1469685,2015-04-07,45,Produce,2.0,0,53.95,0.0,0.0,0.0,0.0,0.0,0.0,0.0,0.0,0.0,0.0,0.0,7,1,4,2015,29.0,5.0,21.0,60.0,25.22222222222222,24.0,17.363636363636363,7.0,651.8149076923075,5821.03,7136.920133333333,2.0,918.0598823529411
1471467,2015-04-08,45,Produce,15.0,1,50.44,0.0,0.0,0.0,0.0,0.0,0.0,0.0,0.0,0.0,0.0,0.0,8,2,4,2015,2.0,3.0,20.285714285714285,3.0,26.22222222222222,56.0,15.181818181818182,10.0,27.23076923076923,4943.428,7078.718599999999,3.0,351.17347058823526
1473249,2015-04-09,45,Produce,8.0,0,50.79,0.0,0.0,0.0,0.0,0.0,0.0,0.0,0.0,0.0,0.0,0.0,9,3,4,2015,10.0,13.0,20.0,3.0,31.333333333333332,17.0,17.545454545454547,37.0,22.0,8317.613,7287.239466666667,12.0,15.176470588235293
1475031,2015-04-10,45,Produce,37.0,0,51.63,0.0,0.0,0.0,0.0,0.0,0.0,0.0,0.0,0.0,0.0,0.0,10,4,4,2015,5.0,37.0,20.0,11.0,31.333333333333332,5.0,24.90909090909091,45.0,18.615384615384617,4380.559,6855.216666666666,8.0,17.352941176470587
1476813,2015-04-11,45,Produce,70.0,0,51.73666666666667,0.0,0.0,0.0,0.0,0.0,0.0,0.0,0.0,0.0,0.0,0.0,11,5,4,2015,6.0,51.0,20.714285714285715,12.0,23.0,7.0,30.818181818181817,34.0,20.692307692307693,7534.609,6856.347066666667,16.0,21.823529411764707
1478595,2015-04-12,45,Produce,41.0,0,51.843333333333334,0.0,0.0,0.0,0.0,1.0,0.0,0.0,0.0,0.0,0.0,0.0,12,6,4,2015,24.0,29.0,21.0,29.0,16.88888888888889,13.0,35.72727272727273,7.0,22.46153846153846,8069.265,6975.967333333333,50.0,23.529411764705884
1480377,2015-04-13,45,Produce,4.0,0,51.95,0.0,0.0,0.0,0.0,0.0,0.0,0.0,0.0,0.0,0.0,0.0,13,0,4,2015,59.0,2.0,20.0,56.0,16.88888888888889,9.0,37.54545454545455,4.0,22.23076923076923,9458.1,7055.5278,31.0,22.529411764705884
1482159,2015-04-14,45,Produce,3.0,0,53.3,0.0,0.0,0.0,0.0,1.0,0.0,0.0,0.0,0.0,0.0,0.0,14,1,4,2015,15.0,10.0,18.142857142857142,31.0,18.0,42.0,33.09090909090909,8.0,21.923076923076923,5594.223,6737.339133333333,10.0,20.058823529411764
1483941,2015-04-15,45,Produce,4.0,1,56.25,0.0,0.0,0.0,0.0,0.0,0.0,0.0,0.0,0.0,0.0,0.0,15,2,4,2015,3.0,5.0,19.285714285714285,2.0,20.88888888888889,85.0,32.45454545454545,20.0,21.76923076923077,4702.126,6652.8150000000005,7.0,18.705882352941178
1485723,2015-04-16,45,Produce,5.0,0,56.69,0.0,0.0,0.0,0.0,0.0,0.0,0.0,0.0,0.0,0.0,0.0,16,3,4,2015,2.0,6.0,17.285714285714285,5.0,25.22222222222222,73.0,34.54545454545455,27.0,19.384615384615383,8528.555,6899.549866666666,4.0,19.0
1487505,2015-04-17,45,Produce,35.0,0,55.71,0.0,0.0,0.0,0.0,0.0,0.0,0.0,0.0,0.0,0.0,0.0,17,4,4,2015,4.0,24.0,17.428571428571427,3.0,25.22222222222222,62.0,38.36363636363637,61.0,18.923076923076923,4451.489,6618.127466666667,11.0,20.41176470588235
1489287,2015-04-18,45,Produce,62.0,0,55.93,0.0,0.0,0.0,0.0,0.0,0.0,0.0,0.0,0.0,0.0,0.0,18,5,4,2015,20.0,59.0,16.285714285714285,13.0,19.22222222222222,44.0,39.90909090909091,27.0,20.923076923076923,5311.367,6661.621,41.0,21.176470588235293
1491069,2015-04-19,45,Produce,32.0,0,56.15,0.0,0.0,0.0,0.0,0.0,0.0,0.0,0.0,0.0,0.0,0.0,19,6,4,2015,38.0,15.0,16.142857142857142,37.0,16.88888888888889,7.0,39.36363636363637,2.0,23.153846153846153,8100.613,6683.849533333333,80.0,21.705882352941178
1492851,2015-04-20,45,Produce,4.0,0,56.37,0.0,0.0,0.0,0.0,0.0,0.0,0.0,0.0,0.0,0.0,0.0,20,0,4,2015,47.0,3.0,18.142857142857142,51.0,17.22222222222222,10.0,36.18181818181818,3.0,23.076923076923077,9919.414,6788.746533333334,36.0,20.88235294117647
1494633,2015-04-21,45,Produce,1.0,0,55.58,0.0,0.0,0.0,0.0,1.0,0.0,0.0,0.0,0.0,0.0,0.0,21,1,4,2015,26.0,2.0,20.142857142857142,29.0,17.333333333333332,28.0,28.636363636363637,8.0,23.076923076923077,5927.696,6524.216733333334,1.0,18.352941176470587
1496415,2015-04-22,45,Produce,8.0,1,56.17,0.0,0.0,0.0,0.0,0.0,0.0,0.0,0.0,0.0,0.0,0.0,22,2,4,2015,3.0,4.0,18.428571428571427,2.0,19.666666666666668,49.0,22.90909090909091,6.0,21.846153846153847,4553.168,6416.974066666666,2.0,17.58823529411765
1498197,2015-04-23,45,Produce,6.0,0,56.59,0.0,0.0,0.0,0.0,0.0,0.0,0.0,0.0,0.0,0.0,0.0,23,3,4,2015,2.0,20.0,20.0,10.0,24.77777777777778,30.0,19.818181818181817,39.0,20.692307692307693,8644.451,6657.591266666667,4.0,20.11764705882353
1499979,2015-04-24,45,Produce,33.0,0,55.98,0.0,0.0,0.0,0.0,0.0,0.0,0.0,0.0,0.0,0.0,0.0,24,4,4,2015,15.0,38.0,20.0,5.0,22.333333333333332,3.0,21.818181818181817,60.0,19.46153846153846,4096.277,6360.295,7.0,21.352941176470587
1501761,2015-04-25,45,Produce,55.0,0,55.839999999999996,0.0,0.0,0.0,0.0,0.0,0.0,0.0,0.0,0.0,0.0,0.0,25,5,4,2015,8.0,47.0,20.0,6.0,17.0,7.0,24.818181818181817,36.0,21.923076923076923,5032.962,6383.6824,27.0,24.352941176470587
1503543,2015-04-26,45,Produce,51.0,0,55.7,0.0,0.0,0.0,0.0,0.0,0.0,0.0,0.0,0.0,0.0,0.0,26,6,4,2015,37.0,26.0,21.571428571428573,24.0,14.0,2.0,24.363636363636363,3.0,24.307692307692307,7868.037,6550.615333333333,25.0,25.58823529411765
1505325,2015-04-27,45,Produce,8.0,0,55.56,0.0,0.0,0.0,0.0,0.0,0.0,0.0,0.0,0.0,0.0,0.0,27,0,4,2015,70.0,3.0,19.857142857142858,59.0,14.222222222222221,10.0,21.90909090909091,8.0,25.307692307692307,9642.72,6537.904399999999,17.0,23.352941176470587
1507107,2015-04-28,45,Produce,16.0,0,57.05,0.0,0.0,0.0,0.0,0.0,0.0,0.0,0.0,0.0,0.0,0.0,28,1,4,2015,41.0,2.0,19.714285714285715,15.0,15.333333333333334,28.0,19.272727272727273,4.0,25.0,5490.153,6613.062933333333,2.0,19.235294117647058
1508889,2015-04-29,45,Produce,14.0,1,58.55,0.0,0.0,0.0,0.0,0.0,0.0,0.0,0.0,0.0,0.0,0.0,29,2,4,2015,4.0,15.0,23.0,3.0,19.0,66.0,17.454545454545453,12.0,25.153846153846153,3985.583,6660.570466666667,7.0,17.764705882352942
1510671,2015-04-30,45,Produce,31.0,0,59.62,0.0,0.0,0.0,0.0,0.0,0.0,0.0,0.0,0.0,0.0,0.0,30,3,4,2015,3.0,8.0,25.142857142857142,2.0,23.555555555555557,40.0,20.0,45.0,22.76923076923077,8311.384,6997.095333333333,18.0,19.058823529411764
1512453,2015-05-01,45,Produce,101.0,0,59.1,0.0,0.0,0.0,0.0,0.0,1.0,0.0,0.0,0.0,0.0,0.0,1,4,5,2015,4.0,37.0,25.285714285714285,4.0,23.77777777777778,5.0,26.363636363636363,59.0,20.0,4069.111,6751.058266666666,53.0,22.470588235294116
1514235,2015-05-02,45,Produce,68.0,0,59.04,0.0,0.0,0.0,0.0,0.0,0.0,0.0,0.0,0.0,0.0,0.0,2,5,5,2015,5.0,70.0,25.428571428571427,20.0,17.555555555555557,1.0,31.636363636363637,33.0,21.53846153846154,4802.3,6830.228933333334,28.0,32.470588235294116
1516017,2015-05-03,45,Produce,18.0,0,58.980000000000004,0.0,0.0,0.0,0.0,0.0,0.0,0.0,0.0,0.0,0.0,0.0,3,6,5,2015,35.0,41.0,23.857142857142858,38.0,16.11111111111111,20.0,31.0,16.0,22.615384615384617,7815.361,7021.914533333334,55.0,38.529411764705884
1517799,2015-05-04,45,Produce,2.0,0,58.92,0.0,0.0,0.0,0.0,0.0,0.0,0.0,0.0,0.0,0.0,0.0,4,0,5,2015,62.0,4.0,23.428571428571427,47.0,17.444444444444443,10.0,28.727272727272727,4.0,22.384615384615383,7909.949,7160.608733333333,32.0,37.23529411764706
1519581,2015-05-05,45,Produce,3.0,0,60.38,0.0,0.0,0.0,0.0,0.0,0.0,0.0,0.0,0.0,0.0,0.0,5,1,5,2015,32.0,3.0,23.142857142857142,26.0,18.11111111111111,31.0,23.727272727272727,8.0,22.615384615384617,11046.792,6923.460533333333,3.0,35.8235294117647
1521363,2015-05-06,45,Produce,12.0,1,60.93,0.0,0.0,0.0,0.0,0.0,0.0,0.0,0.0,0.0,0.0,0.0,6,2,5,2015,4.0,4.0,22.0,3.0,21.77777777777778,77.0,21.181818181818183,8.0,22.692307692307693,6640.309,6867.79,10.0,34.94117647058823
1523145,2015-05-07,45,Produce,13.0,0,58.99,0.0,0.0,0.0,0.0,0.0,0.0,0.0,0.0,0.0,0.0,0.0,7,3,5,2015,1.0,5.0,20.714285714285715,2.0,27.333333333333332,60.0,23.363636363636363,24.0,19.923076923076923,9601.041,7124.075533333334,11.0,35.294117647058826
1524927,2015-05-08,45,Produce,78.0,0,59.41,0.0,0.0,0.0,0.0,0.0,0.0,0.0,0.0,0.0,0.0,0.0,8,4,5,2015,8.0,35.0,20.714285714285715,15.0,27.666666666666668,3.0,28.363636363636363,56.0,18.615384615384617,4953.895,6858.753,23.0,36.294117647058826
1526709,2015-05-09,45,Produce,176.0,0,59.349999999999994,0.0,1.0,0.0,0.0,0.0,0.0,0.0,0.0,0.0,0.0,0.0,9,5,5,2015,6.0,62.0,20.428571428571427,8.0,22.88888888888889,3.0,29.363636363636363,17.0,22.615384615384617,5283.837,6935.4468,60.0,37.88235294117647
1528491,2015-05-10,45,Produce,125.0,0,59.29,0.0,0.0,0.0,1.0,0.0,0.0,0.0,0.0,0.0,0.0,0.0,10,6,5,2015,33.0,32.0,21.0,37.0,20.333333333333332,11.0,28.636363636363637,5.0,27.0,7908.246,7176.473,174.0,36.294117647058826
1530273,2015-05-11,45,Produce,3.0,0,59.23,0.0,0.0,0.0,0.0,0.0,0.0,0.0,0.0,0.0,0.0,0.0,11,0,5,2015,55.0,4.0,21.142857142857142,70.0,20.444444444444443,12.0,26.272727272727273,7.0,31.46153846153846,9948.45,7375.375266666667,110.0,34.8235294117647
1532055,2015-05-12,45,Produce,3.0,0,60.72,0.0,0.0,0.0,0.0,1.0,0.0,0.0,0.0,0.0,0.0,0.0,12,1,5,2015,51.0,1.0,20.857142857142858,41.0,20.77777777777778,29.0,19.545454545454547,13.0,34.23076923076923,6085.497,7275.680066666667,5.0,31.647058823529413
1533837,2015-05-13,45,Produce,7.0,1,60.5,0.0,0.0,0.0,0.0,0.0,0.0,0.0,0.0,0.0,0.0,0.0,13,2,5,2015,8.0,8.0,19.857142857142858,4.0,23.0,56.0,15.272727272727273,9.0,34.15384615384615,4655.095,6859.0000666666665,1.0,30.058823529411764
1535619,2015-05-14,45,Produce,9.0,0,59.89,0.0,0.0,0.0,0.0,0.0,0.0,0.0,0.0,0.0,0.0,0.0,14,3,5,2015,16.0,6.0,22.571428571428573,3.0,29.0,31.0,18.363636363636363,42.0,33.07692307692308,7829.866,6956.0289999999995,2.0,30.235294117647058
1537401,2015-05-15,45,Produce,35.0,0,59.73,0.0,0.0,0.0,0.0,0.0,0.0,0.0,0.0,0.0,0.0,0.0,15,4,5,2015,14.0,33.0,23.142857142857142,4.0,28.444444444444443,2.0,22.727272727272727,85.0,30.923076923076923,4331.546,6622.351133333334,8.0,31.470588235294116
1539183,2015-05-16,45,Produce,73.0,0,59.63333333333333,0.0,0.0,0.0,0.0,0.0,0.0,0.0,0.0,0.0,0.0,0.0,16,5,5,2015,31.0,55.0,25.285714285714285,5.0,21.11111111111111,5.0,24.363636363636363,73.0,33.38461538461539,5219.518,6662.716133333333,24.0,36.1764705882353
1540965,2015-05-17,45,Produce,29.0,0,59.53666666666666,0.0,0.0,0.0,0.0,0.0,0.0,0.0,0.0,0.0,0.0,0.0,17,6,5,2015,101.0,51.0,26.142857142857142,35.0,16.666666666666668,3.0,23.454545454545453,62.0,35.30769230769231,8417.693,6830.374866666666,45.0,35.94117647058823
1542747,2015-05-18,45,Produce,0.0,0,59.44,0.0,0.0,0.0,0.0,0.0,0.0,0.0,0.0,0.0,0.0,0.0,18,0,5,2015,68.0,8.0,29.714285714285715,62.0,17.11111111111111,13.0,21.727272727272727,44.0,35.0,10798.895,6993.249733333333,26.0,32.588235294117645
1544529,2015-05-19,45,Produce,1.0,0,57.3,0.0,0.0,0.0,0.0,0.0,0.0,0.0,0.0,0.0,0.0,0.0,19,1,5,2015,18.0,16.0,39.42857142857143,32.0,17.444444444444443,37.0,17.09090909090909,7.0,34.53846153846154,6414.521,6737.242800000001,3.0,22.470588235294116
1546311,2015-05-20,45,Produce,6.0,1,58.96,0.0,0.0,0.0,0.0,0.0,0.0,0.0,0.0,0.0,0.0,0.0,20,2,5,2015,2.0,14.0,41.285714285714285,4.0,20.666666666666668,51.0,14.818181818181818,10.0,34.0,4796.592,6625.564133333333,1.0,16.294117647058822
1548093,2015-05-21,45,Produce,7.0,0,60.18,0.0,0.0,0.0,0.0,0.0,0.0,0.0,0.0,0.0,0.0,0.0,21,3,5,2015,3.0,31.0,36.57142857142857,1.0,26.22222222222222,29.0,16.818181818181817,28.0,31.53846153846154,8095.743,6901.961066666667,5.0,16.176470588235293
1549875,2015-05-22,45,Produce,35.0,0,58.88,0.0,0.0,0.0,0.0,0.0,0.0,0.0,0.0,0.0,0.0,0.0,22,4,5,2015,12.0,101.0,35.714285714285715,8.0,28.0,2.0,21.727272727272727,49.0,27.153846153846153,4595.873,6662.443333333334,6.0,17.823529411764707
1551657,2015-05-23,45,Produce,52.0,0,58.4825,0.0,0.0,0.0,0.0,0.0,0.0,0.0,0.0,0.0,0.0,0.0,23,5,5,2015,13.0,68.0,33.857142857142854,6.0,22.0,10.0,22.818181818181817,30.0,26.615384615384617,5559.37,6741.233733333333,31.0,20.294117647058822
1553439,2015-05-24,45,Produce,34.0,0,58.085,0.0,0.0,0.0,0.0,0.0,1.0,0.0,0.0,0.0,0.0,0.0,24,6,5,2015,78.0,18.0,33.57142857142857,33.0,20.22222222222222,5.0,21.90909090909091,3.0,24.923076923076923,7798.718,6938.5258,91.0,22.11764705882353
1555221,2015-05-25,45,Produce,6.0,0,57.6875,0.0,0.0,0.0,0.0,0.0,0.0,0.0,0.0,0.0,0.0,0.0,25,0,5,2015,176.0,2.0,31.0,55.0,21.333333333333332,6.0,18.727272727272727,7.0,21.923076923076923,10351.369,7064.504933333334,19.0,20.764705882352942
1557003,2015-05-26,45,Produce,4.0,0,57.29,0.0,0.0,0.0,0.0,0.0,0.0,0.0,0.0,0.0,0.0,0.0,26,1,5,2015,125.0,3.0,27.714285714285715,51.0,24.666666666666668,24.0,14.454545454545455,2.0,21.46153846153846,6108.346,6840.680066666667,3.0,18.235294117647058
1558785,2015-05-27,45,Produce,8.0,1,57.51,0.0,0.0,0.0,0.0,0.0,0.0,0.0,0.0,0.0,0.0,0.0,27,2,5,2015,3.0,12.0,43.142857142857146,8.0,35.0,59.0,13.636363636363637,10.0,22.23076923076923,4410.317,6806.591199999999,2.0,17.058823529411764
1560567,2015-05-28,45,Produce,11.0,0,57.69,0.0,0.0,0.0,0.0,0.0,0.0,0.0,0.0,0.0,0.0,0.0,28,3,5,2015,3.0,13.0,58.42857142857143,16.0,41.888888888888886,15.0,16.90909090909091,28.0,20.846153846153847,8801.049,7070.6120666666675,5.0,17.58823529411765
1562349,2015-05-29,45,Produce,44.0,0,60.25,0.0,0.0,0.0,0.0,0.0,0.0,0.0,0.0,0.0,0.0,0.0,29,4,5,2015,7.0,78.0,58.57142857142857,14.0,40.22222222222222,3.0,20.272727272727273,66.0,19.46153846153846,4237.1,6829.074066666667,3.0,19.529411764705884
1564131,2015-05-30,45,Produce,65.0,0,60.24666666666667,0.0,0.0,0.0,0.0,0.0,0.0,0.0,0.0,0.0,0.0,0.0,30,5,5,2015,9.0,176.0,58.57142857142857,31.0,34.333333333333336,2.0,22.181818181818183,40.0,23.076923076923077,5513.402,6906.295266666666,29.0,22.0
1565913,2015-05-31,45,Produce,29.0,0,60.24333333333333,0.0,0.0,0.0,0.0,0.0,0.0,0.0,0.0,0.0,0.0,0.0,31,6,5,2015,35.0,125.0,57.857142857142854,101.0,29.0,4.0,21.90909090909091,5.0,27.46153846153846,8178.899,7007.965933333334,44.0,22.294117647058822
1567695,2015-06-01,45,Produce,7105.713,2,60.24,0.0,0.0,0.0,0.0,0.0,0.0,0.0,0.0,0.0,0.0,0.0,1,0,6,2015,73.0,3.0,57.285714285714285,68.0,29.444444444444443,20.0,19.90909090909091,1.0,27.153846153846153,10307.38,7202.191266666667,39.0,20.941176470588236
1569477,2015-06-02,45,Produce,6231.334,0,61.3,0.0,0.0,0.0,0.0,0.0,0.0,0.0,0.0,0.0,0.0,0.0,2,1,6,2015,29.0,3.0,51.142857142857146,18.0,29.11111111111111,38.0,15.909090909090908,20.0,27.23076923076923,7441.522,6962.088866666667,1.0,15.823529411764707
1571259,2015-06-03,45,Produce,9407.909,196,59.67,0.0,0.0,0.0,0.0,0.0,0.0,0.0,0.0,0.0,0.0,0.0,3,2,6,2015,0.0,7.0,36.42857142857143,2.0,36.22222222222222,47.0,15.272727272727273,10.0,27.307692307692307,5903.188,6901.330733333333,2.0,14.941176470588236
1573041,2015-06-04,45,Produce,5067.571,0,58.0,0.0,0.0,0.0,0.0,0.0,0.0,0.0,0.0,0.0,0.0,0.0,4,3,6,2015,1.0,9.0,22.714285714285715,3.0,52.333333333333336,26.0,18.363636363636363,31.0,26.076923076923077,8756.905,7156.8068,6.0,15.529411764705882
1574823,2015-06-05,45,Produce,6156.849,0,59.11,0.0,0.0,0.0,0.0,0.0,0.0,0.0,0.0,0.0,0.0,0.0,5,4,6,2015,6.0,35.0,22.285714285714285,12.0,55.0,3.0,24.545454545454547,77.0,23.23076923076923,4472.673,6887.812066666666,12.0,18.647058823529413
1576605,2015-06-06,45,Produce,7923.326,0,58.79,0.0,0.0,0.0,0.0,0.0,0.0,0.0,0.0,0.0,0.0,0.0,6,5,6,2015,7.0,73.0,22.0,13.0,47.77777777777778,2.0,27.90909090909091,60.0,24.46153846153846,5754.191,6978.6636,34.0,27.529411764705884
1578387,2015-06-07,45,Produce,10252.481,0,58.47,0.0,0.0,0.0,0.0,0.0,0.0,0.0,0.0,0.0,0.0,0.0,7,6,6,2015,35.0,29.0,21.857142857142858,78.0,46.111111111111114,15.0,26.454545454545453,3.0,26.46153846153846,7084.43,7089.224333333333,47.0,32.411764705882355
1580169,2015-06-08,45,Produce,6246.069,2,58.15,0.0,0.0,0.0,0.0,0.0,0.0,0.0,0.0,0.0,0.0,0.0,8,0,6,2015,52.0,0.0,21.571428571428573,176.0,46.666666666666664,8.0,23.272727272727273,3.0,26.53846153846154,10712.098,7170.852466666666,11.0,30.823529411764707
1581951,2015-06-09,45,Produce,4592.986,0,60.15,0.0,0.0,0.0,0.0,0.0,0.0,0.0,0.0,0.0,0.0,0.0,9,1,6,2015,34.0,1.0,21.571428571428573,125.0,47.333333333333336,37.0,19.363636363636363,11.0,25.384615384615383,6749.833,6955.3099999999995,8.0,28.235294117647058
1583733,2015-06-10,45,Produce,8018.537,189,61.36,0.0,0.0,0.0,0.0,0.0,0.0,0.0,0.0,0.0,0.0,0.0,10,2,6,2015,6.0,6.0,18.571428571428573,3.0,49.888888888888886,70.0,17.454545454545453,12.0,24.846153846153847,5196.974,6821.0617999999995,4.0,26.352941176470587
1585515,2015-06-11,45,Produce,4392.829,0,60.74,0.0,0.0,0.0,0.0,0.0,0.0,0.0,0.0,0.0,0.0,0.0,11,3,6,2015,4.0,7.0,19.285714285714285,3.0,56.55555555555556,41.0,20.363636363636363,29.0,23.46153846153846,8242.458,6986.573066666667,4.0,26.823529411764707
1587297,2015-06-12,45,Produce,6005.348,0,59.96,0.0,0.0,0.0,0.0,0.0,0.0,0.0,0.0,0.0,0.0,0.0,12,4,6,2015,8.0,35.0,20.142857142857142,7.0,51.111111111111114,4.0,25.818181818181817,56.0,20.384615384615383,4766.128,6764.020199999999,13.0,29.647058823529413
1589079,2015-06-13,45,Produce,7574.887,0,59.81666666666667,0.0,0.0,0.0,0.0,0.0,0.0,0.0,0.0,0.0,0.0,0.0,13,5,6,2015,11.0,52.0,20.571428571428573,9.0,31.555555555555557,3.0,27.363636363636363,31.0,19.692307692307693,5599.873,6854.446819999999,55.0,32.23529411764706
1590861,2015-06-14,45,Produce,9364.96,3,59.67333333333333,0.0,0.0,0.0,0.0,0.0,0.0,0.0,0.0,0.0,0.0,0.0,14,6,6,2015,44.0,34.0,20.857142857142858,35.0,17.77777777777778,4.0,27.0,2.0,21.692307692307693,7171.813,6974.55462,156.0,33.11764705882353
1592643,2015-06-15,45,Produce,6180.8027,2,59.53,0.0,0.0,0.0,0.0,0.0,0.0,0.0,0.0,0.0,0.0,0.0,15,0,6,2015,65.0,6.0,21.428571428571427,73.0,18.11111111111111,5.0,23.727272727272727,5.0,21.615384615384617,9403.321,7173.848353333333,86.0,31.176470588235293
1594425,2015-06-16,45,Produce,5377.833,1,60.01,0.0,0.0,0.0,0.0,0.0,0.0,0.0,0.0,0.0,0.0,0.0,16,1,6,2015,29.0,4.0,22.714285714285715,29.0,18.555555555555557,35.0,18.09090909090909,3.0,21.53846153846154,7074.243,7095.0451533333335,2.0,28.705882352941178
1596207,2015-06-17,45,Produce,8259.152,193,59.89,0.0,0.0,0.0,0.0,0.0,0.0,0.0,0.0,0.0,0.0,0.0,17,2,6,2015,7105.713,8.0,24.571428571428573,0.0,21.666666666666668,62.0,14.909090909090908,13.0,21.0,5427.799,7260.41742,0.0,29.0
1597989,2015-06-18,45,Produce,4754.412,0,60.41,0.0,0.0,0.0,0.0,0.0,0.0,0.0,0.0,0.0,0.0,0.0,18,3,6,2015,6231.334,11.0,23.857142857142858,1.0,26.444444444444443,32.0,17.545454545454547,37.0,19.23076923076923,8385.857,7511.22102,7.0,29.470588235294116
1599771,2015-06-19,45,Produce,6765.573,1,59.62,0.0,0.0,0.0,0.0,0.0,0.0,0.0,0.0,0.0,0.0,0.0,19,4,6,2015,9407.909,44.0,1038.1018571428572,6.0,26.333333333333332,4.0,22.272727272727273,51.0,16.76923076923077,5418.612,7465.214019999999,9.0,30.529411764705884
1601553,2015-06-20,45,Produce,9022.758,1,59.75,0.0,0.0,0.0,0.0,0.0,0.0,0.0,0.0,0.0,0.0,0.0,20,5,6,2015,5067.571,65.0,1927.7209999999998,7.0,18.88888888888889,1.0,26.545454545454547,29.0,18.923076923076923,5829.0723,7573.437286666666,50.0,33.470588235294116
1603335,2015-06-21,45,Produce,7641.126,1,59.879999999999995,0.0,0.0,0.0,0.0,0.0,0.0,0.0,0.0,0.0,0.0,0.0,21,6,6,2015,6156.849,29.0,3270.5651428571427,35.0,16.11111111111111,8.0,26.818181818181817,2.0,19.923076923076923,7555.808,7662.87202,50.0,34.588235294117645
1605117,2015-06-22,45,Produce,6324.569,1,60.01,0.0,0.0,0.0,0.0,0.0,0.0,0.0,0.0,0.0,0.0,0.0,22,0,6,2015,7923.326,7105.713,3992.9324285714283,52.0,17.0,6.0,25.09090909090909,10.0,19.76923076923077,10073.836,7683.853086666667,27.0,31.764705882352942
1606899,2015-06-23,45,Produce,5201.884,1,61.05,0.0,0.0,0.0,0.0,1.0,0.0,0.0,0.0,0.0,0.0,0.0,23,1,6,2015,10252.481,6231.334,4866.196571428571,34.0,18.11111111111111,33.0,20.727272727272727,5.0,19.692307692307693,9530.05,7662.6737533333335,1.0,369.3944705882353
1608681,2015-06-24,45,Produce,7746.308,190,60.01,0.0,0.0,0.0,0.0,0.0,0.0,0.0,0.0,0.0,0.0,0.0,24,2,6,2015,6246.069,9407.909,5988.814571428571,6.0,22.333333333333332,55.0,20.636363636363637,6.0,19.0,9230.417,7732.89714,5.0,969.0109999999999
1610463,2015-06-25,45,Produce,4420.656,1,59.59,0.0,0.0,0.0,0.0,2.0,0.0,1.0,0.0,0.0,0.0,0.0,25,3,6,2015,4592.986,5067.571,7449.311857142857,4.0,28.77777777777778,51.0,29.454545454545453,24.0,17.692307692307693,8959.028,7376.91054,16.0,1259.4080000000001
1612245,2015-06-26,45,Produce,6025.307,1,59.41,0.0,0.0,0.0,0.0,0.0,0.0,0.0,0.0,0.0,0.0,0.0,26,4,6,2015,8018.537,6156.849,7326.505571428572,8.0,28.11111111111111,8.0,35.54545454545455,59.0,16.692307692307693,7552.353,6822.58674,16.0,1631.4019411764705
1614027,2015-06-27,45,Produce,7877.472,2,59.053333333333335,0.0,0.0,0.0,0.0,0.0,0.0,0.0,0.0,0.0,0.0,0.0,27,5,6,2015,4392.829,7923.326,7092.455857142857,11.0,811.857,16.0,36.45454545454545,15.0,18.076923076923077,6389.477,6463.612606666667,22.0,2082.052705882353
1615809,2015-06-28,45,Produce,9802.834,0,58.696666666666665,0.0,0.0,0.0,0.0,0.0,0.0,0.0,0.0,0.0,0.0,0.0,28,6,6,2015,6005.348,10252.481,6893.974142857143,44.0,1500.4496666666664,14.0,36.09090909090909,3.0,19.923076923076923,6941.394,6075.274453333333,54.0,2650.9828529411766
1617591,2015-06-29,45,Produce,5868.057,2,58.34,0.0,0.0,0.0,0.0,0.0,0.0,0.0,0.0,0.0,0.0,0.0,29,0,6,2015,7574.887,6246.069,6797.582428571429,65.0,2545.106222222222,31.0,33.36363636363637,2.0,19.384615384615383,7486.529,5571.887253333333,32.0,3047.2834411764707
1619373,2015-06-30,45,Produce,4769.594,1,59.48,0.0,0.0,0.0,0.0,0.0,0.0,0.0,0.0,0.0,0.0,0.0,30,1,6,2015,9364.96,4592.986,6775.939428571429,29.0,3107.725222222222,101.0,29.454545454545453,4.0,19.153846153846153,9085.631,4900.764853333333,7.0,3339.2338529411763
1621155,2015-07-01,45,Produce,9876.42,195,56.94,0.0,0.0,0.0,0.0,0.0,0.0,0.0,0.0,0.0,0.0,0.0,1,2,7,2015,6180.8027,8018.537,6726.162428571429,7105.713,3790.930666666666,68.0,26.0,20.0,19.846153846153847,8127.5938,4266.094853333333,5895.706,3836.1847352941177
1622937,2015-07-02,45,Produce,5047.216,0,56.93,0.0,0.0,0.0,0.0,0.0,0.0,0.0,0.0,0.0,0.0,0.0,2,3,7,2015,5377.833,4392.829,6599.3737142857135,6231.334,4670.0779999999995,18.0,32.36363636363637,38.0,18.615384615384617,88.0,3653.2003866666664,10279.481,4095.896852941177
1624719,2015-07-03,45,Produce,6498.945,0,55.817499999999995,0.0,0.0,0.0,0.0,2.0,0.0,0.0,0.0,0.0,0.0,0.0,3,4,7,2015,8259.152,6005.348,6590.049957142856,9407.909,5804.353666666666,2.0,46.90909090909091,47.0,16.923076923076923,71.0,3058.9318533333335,4938.749,4464.7806176470585
1626501,2015-07-04,45,Produce,7500.759,0,54.705,0.0,0.0,0.0,0.0,0.0,0.0,0.0,0.0,0.0,0.0,0.0,4,5,7,2015,4754.412,7574.887,6702.170957142857,5067.571,6491.139111111112,3.0,57.0,26.0,21.153846153846153,34.0,2557.7083199999997,6323.897,4941.230382352942
1628283,2015-07-05,45,Produce,8815.023,0,53.5925,0.0,0.0,0.0,0.0,0.0,0.0,0.0,0.0,0.0,0.0,0.0,5,6,7,2015,6765.573,9364.96,6736.5445285714295,6156.849,6998.248666666666,12.0,54.45454545454545,3.0,24.076923076923077,4.0,2132.2098533333333,7668.063,5425.467852941177
1630065,2015-07-06,45,Produce,7668.852,0,52.48,0.0,0.0,0.0,0.0,0.0,0.0,0.0,0.0,0.0,0.0,0.0,6,0,7,2015,9022.758,6180.8027,6788.199242857142,7923.326,7099.673555555554,13.0,45.54545454545455,2.0,24.23076923076923,5.0,1669.7169199999998,9680.8125,5765.194441176471
1631847,2015-07-07,45,Produce,6780.74,0,52.33,0.0,0.0,0.0,0.0,0.0,0.0,0.0,0.0,0.0,0.0,0.0,7,1,7,2015,7641.126,5377.833,6896.802814285714,10252.481,6895.395222222222,78.0,40.0,15.0,24.153846153846153,7.0,1171.1483199999998,6787.11,6057.405500000001
1633629,2015-07-08,45,Produce,9040.754,198,51.61,0.0,0.0,0.0,0.0,0.0,0.0,0.0,0.0,0.0,0.0,0.0,8,2,7,2015,6324.569,8259.152,7103.641528571427,6246.069,6517.332888888889,176.0,39.18181818181818,8.0,22.923076923076923,10.0,566.7729199999999,5013.157,6598.1660294117655
1635411,2015-07-09,45,Produce,5625.3853,0,52.76,0.0,0.0,0.0,0.0,0.0,0.0,0.0,0.0,0.0,0.0,0.0,9,3,7,2015,5201.884,4754.412,6857.37952857143,4592.986,6795.923555555556,125.0,42.18181818181818,37.0,20.384615384615383,37.0,26.733333333333334,8475.165,6874.513911764706
1637193,2015-07-10,45,Produce,5925.185,0,52.74,0.0,0.0,0.0,0.0,0.0,0.0,0.0,0.0,0.0,0.0,0.0,10,4,7,2015,7746.308,6765.573,6877.917571428572,8018.537,7152.380333333333,3.0,48.54545454545455,70.0,19.46153846153846,45.0,24.933333333333334,4416.106,6882.246558823529
1638975,2015-07-11,45,Produce,6635.938,0,52.556666666666665,0.0,0.0,0.0,0.0,0.0,0.0,0.0,0.0,0.0,0.0,0.0,11,5,7,2015,4420.656,9022.758,6852.782,4392.829,6958.766633333333,3.0,50.09090909090909,41.0,22.23076923076923,34.0,22.0,6276.024,6715.366911764706
1640757,2015-07-12,45,Produce,8944.407,0,52.373333333333335,0.0,0.0,0.0,0.0,0.0,0.0,0.0,0.0,0.0,0.0,0.0,12,6,7,2015,6025.307,7641.126,6779.518571428571,6005.348,6417.139077777778,7.0,48.90909090909091,4.0,24.46153846153846,7.0,19.866666666666667,8115.646,6947.546264705882
1642539,2015-07-13,45,Produce,5614.877,0,52.19,0.0,0.0,0.0,0.0,0.0,0.0,0.0,0.0,0.0,0.0,0.0,13,0,7,2015,7877.472,6324.569,6731.839142857143,7574.887,6640.814966666666,9.0,41.90909090909091,3.0,24.615384615384617,4.0,19.8,8248.037,6945.757088235295
1644321,2015-07-14,45,Produce,4747.251,0,53.05,0.0,0.0,0.0,0.0,0.0,0.0,0.0,0.0,0.0,0.0,0.0,14,1,7,2015,9802.834,5201.884,6626.086857142858,9364.96,6658.7511888888885,35.0,26.454545454545453,4.0,23.53846153846154,8.0,20.0,5797.352,6791.429676470589
1646103,2015-07-15,45,Produce,7835.546,193,51.4,0.0,0.0,0.0,0.0,0.0,0.0,0.0,0.0,0.0,0.0,0.0,15,2,7,2015,5868.057,7746.308,6462.474571428572,6180.8027,6519.532966666668,73.0,15.727272727272727,5.0,23.53846153846154,20.0,19.933333333333334,5021.588,6708.350117647058
1647885,2015-07-16,45,Produce,4738.096,0,50.9,0.0,0.0,0.0,0.0,0.0,0.0,0.0,0.0,0.0,0.0,0.0,16,3,7,2015,4769.594,4420.656,6771.29,5377.833,7033.969522222222,29.0,18.636363636363637,35.0,21.153846153846153,27.0,21.866666666666667,9224.929,6593.819823529412
1649667,2015-07-17,45,Produce,6393.231,0,50.88,0.0,0.0,0.0,0.0,0.0,0.0,0.0,0.0,0.0,0.0,0.0,17,4,7,2015,9876.42,6025.307,6706.0740000000005,8259.152,7215.722633333334,0.0,23.09090909090909,62.0,18.307692307692307,61.0,23.4,4704.914,6637.244
1651449,2015-07-18,45,Produce,7193.993,0,50.623333333333335,0.0,0.0,0.0,0.0,0.0,0.0,0.0,0.0,0.0,0.0,0.0,18,5,7,2015,5047.216,7877.472,6644.318285714285,4754.412,7076.798411111111,1.0,25.545454545454547,32.0,19.384615384615383,27.0,22.8,6027.161,6566.611235294118
1653231,2015-07-19,45,Produce,9303.1045,0,50.36666666666667,0.0,0.0,0.0,0.0,0.0,0.0,0.0,0.0,0.0,0.0,0.0,19,6,7,2015,6498.945,9802.834,6948.62,6765.573,6614.2344111111115,6.0,25.272727272727273,4.0,23.0,2.0,20.733333333333334,7442.527,6791.152588235294
1655013,2015-07-20,45,Produce,6294.137,1,50.11,0.0,0.0,0.0,0.0,0.0,0.0,0.0,0.0,0.0,0.0,0.0,20,0,7,2015,7500.759,5868.057,7038.1285714285705,9022.758,6788.179444444444,7.0,22.454545454545453,1.0,23.384615384615383,3.0,20.8,8885.798,6770.349470588236
1656795,2015-07-21,45,Produce,5065.828,0,50.59,0.0,0.0,0.0,0.0,0.0,0.0,0.0,0.0,0.0,0.0,0.0,21,1,7,2015,8815.023,4769.594,7105.791142857143,7641.126,6681.826444444445,35.0,16.545454545454547,8.0,24.307692307692307,8.0,20.8,6293.481,6595.919647058823
1658577,2015-07-22,45,Produce,7851.2188,192,49.27,0.0,0.0,0.0,0.0,0.0,0.0,0.0,0.0,0.0,0.0,0.0,22,2,7,2015,7668.852,9876.42,7051.975,6324.569,6433.621444444445,52.0,14.909090909090908,6.0,25.0,6.0,21.066666666666666,5044.497,6585.183235294118
1660359,2015-07-23,45,Produce,4197.467,0,48.11,0.0,0.0,0.0,0.0,1.0,0.0,0.0,0.0,0.0,0.0,0.0,23,3,7,2015,6780.74,5047.216,6910.859142857143,5201.884,6780.628111111111,34.0,18.90909090909091,33.0,24.692307692307693,39.0,22.733333333333334,8268.46,6494.393647058823
1662141,2015-07-24,45,Produce,5806.163,0,47.98,0.0,0.0,0.0,0.0,1.0,0.0,0.0,0.0,0.0,0.0,0.0,24,4,7,2015,9040.754,6498.945,7168.1155714285715,7746.308,7118.101555555556,6.0,24.727272727272727,55.0,27.692307692307693,60.0,24.866666666666667,4840.095,6201.359058823529
1663923,2015-07-25,45,Produce,6611.959,0,47.71,0.0,0.0,0.0,0.0,1.0,0.0,0.0,0.0,0.0,0.0,0.0,25,5,7,2015,5625.3853,7500.759,7455.422142857143,4420.656,6767.579222222223,4.0,26.818181818181817,51.0,30.46153846153846,36.0,23.0,5751.368,5662.4220588235285
1665705,2015-07-26,45,Produce,8869.929,0,47.44,0.0,0.0,0.0,0.0,0.0,0.0,0.0,0.0,0.0,0.0,0.0,26,6,7,2015,5925.185,8815.023,7336.0412857142865,6025.307,6448.520111111111,8.0,672.1557272727273,8.0,31.53846153846154,3.0,22.266666666666666,7274.408,5387.662411764706
1667487,2015-07-27,45,Produce,5777.705,3,47.17,0.0,0.0,0.0,0.0,0.0,0.0,0.0,0.0,0.0,0.0,0.0,27,0,7,2015,6635.938,7668.852,7418.6369,7877.472,6843.170222222223,11.0,1235.458818181818,16.0,31.615384615384617,8.0,22.4,8233.309,5033.476470588234
1669269,2015-07-28,45,Produce,4946.3857,0,47.97,0.0,0.0,0.0,0.0,0.0,0.0,0.0,0.0,0.0,0.0,0.0,28,1,7,2015,8944.407,6780.74,7336.671185714286,9802.834,6825.984888888889,44.0,2085.9959999999996,14.0,31.23076923076923,4.0,22.733333333333334,5922.371,4596.0337058823525
1671051,2015-07-29,45,Produce,7546.983,196,48.77,0.0,0.0,0.0,0.0,0.0,0.0,0.0,0.0,0.0,0.0,0.0,29,2,7,2015,5614.877,9040.754,7213.125328571428,5868.057,6687.389,65.0,2543.5933636363634,31.0,31.692307692307693,12.0,22.733333333333334,5150.339,4073.986764705882
1672833,2015-07-30,45,Produce,4216.504,0,48.53,0.0,0.0,0.0,0.0,0.0,0.0,0.0,0.0,0.0,0.0,0.0,30,3,7,2015,4747.251,5625.3853,7231.608757142858,4769.594,7029.622666666666,29.0,3102.7614545454544,101.0,30.153846153846153,45.0,23.933333333333334,8065.518,3704.3702352941177
1674615,2015-07-31,45,Produce,5721.817,0,47.11,0.0,0.0,0.0,0.0,0.0,0.0,0.0,0.0,0.0,0.0,0.0,31,4,7,2015,7835.546,5925.185,6938.183757142857,9876.42,7339.591111111112,7105.713,3822.7001818181816,68.0,31.923076923076923,59.0,25.066666666666666,4253.929,3409.988058823529
1676397,2015-08-01,45,Produce,8213.253,0,46.49,0.0,0.0,0.0,0.0,0.0,0.0,0.0,0.0,0.0,0.0,0.0,1,5,8,2015,4738.096,6635.938,6647.68532857143,5047.216,7316.411111111111,6231.334,4754.016636363636,18.0,41.53846153846154,33.0,22.2,40.0,2927.549235294118
1678179,2015-08-02,45,Produce,8949.36,0,45.87,0.0,0.0,0.0,0.0,0.0,0.0,0.0,0.0,0.0,0.0,0.0,2,6,8,2015,6393.231,8944.407,6475.5127571428575,6498.945,6980.622888888889,9407.909,5320.841090909091,2.0,50.53846153846154,16.0,20.133333333333333,63.0,2644.837764705883
1679961,2015-08-03,45,Produce,7421.033,2,45.25,0.0,0.0,0.0,0.0,0.0,0.0,0.0,0.0,0.0,0.0,0.0,3,0,8,2015,7193.993,5614.877,6348.757142857144,7500.759,7333.144777777778,5067.571,5734.385272727272,3.0,49.53846153846154,4.0,20.4,34.0,2307.5220000000004
1681743,2015-08-04,45,Produce,5511.03,0,45.75,0.0,0.0,0.0,0.0,0.0,0.0,0.0,0.0,0.0,0.0,0.0,4,1,8,2015,9303.1045,4747.251,6415.620857142858,8815.023,7428.2327,6156.849,6457.434090909091,12.0,48.69230769230769,8.0,20.733333333333334,6.0,1880.0862352941174
1683525,2015-08-05,45,Produce,8543.514,202,45.13,0.0,0.0,0.0,0.0,1.0,0.0,0.0,0.0,0.0,0.0,0.0,5,2,8,2015,6294.137,7835.546,6495.343,7668.852,6989.206588888889,7923.326,6854.145818181817,13.0,46.84615384615385,8.0,21.066666666666666,6.0,1396.5386470588235
1685307,2015-08-06,45,Produce,4626.923,0,44.69,0.0,0.0,0.0,0.0,0.0,0.0,0.0,0.0,0.0,0.0,0.0,6,3,8,2015,5065.828,4738.096,6546.5855,6780.74,7165.731255555555,10252.481,6754.112636363637,78.0,39.76923076923077,24.0,23.066666666666666,11.0,1048.987411764706
1687089,2015-08-07,45,Produce,5584.571,0,43.87,0.0,0.0,0.0,0.0,0.0,0.0,0.0,0.0,0.0,0.0,0.0,7,4,8,2015,7851.2188,6393.231,6643.622642857144,9040.754,7437.449255555554,6246.069,6876.253818181817,176.0,37.23076923076923,56.0,25.733333333333334,10.0,748.2615882352941
1688871,2015-08-08,45,Produce,6669.533,1,44.22666666666667,0.0,0.0,0.0,0.0,0.0,0.0,0.0,0.0,0.0,0.0,0.0,8,5,8,2015,4197.467,7193.993,6689.133642857142,5625.3853,7227.906811111111,4592.986,6872.349363636365,125.0,41.46153846153846,17.0,26.666666666666668,40.0,276.937
1690653,2015-08-09,45,Produce,6314.299,0,44.58333333333333,0.0,0.0,0.0,0.0,0.0,0.0,0.0,0.0,0.0,0.0,0.0,9,6,8,2015,5806.163,9303.1045,6691.372614285714,5925.185,6775.932144444446,8018.537,6973.552245454545,3.0,43.53846153846154,5.0,28.6,67.0,29.235294117647058
1692435,2015-08-10,45,Produce,8024.336,1,44.94,0.0,0.0,0.0,0.0,0.0,1.0,0.0,0.0,0.0,0.0,0.0,10,0,8,2015,6611.959,6294.137,6614.139900000001,6635.938,6794.4537,4392.829,6902.732609090908,3.0,43.30769230769231,7.0,30.466666666666665,34.0,27.176470588235293
1694217,2015-08-11,45,Produce,5825.024,1,43.11,0.0,0.0,0.0,0.0,0.0,0.0,0.0,0.0,0.0,0.0,0.0,11,1,8,2015,8869.929,5065.828,6530.273042857143,8944.407,6567.493255555555,6005.348,6933.262245454545,7.0,42.46153846153846,13.0,30.666666666666668,17.0,23.88235294117647
1695999,2015-08-12,45,Produce,8423.438,197,43.22,0.0,0.0,0.0,0.0,0.0,0.0,0.0,0.0,0.0,0.0,0.0,12,2,8,2015,5777.705,7851.2188,6447.125328571428,5614.877,6273.324033333333,7574.887,6433.43779090909,9.0,41.92307692307692,9.0,30.8,8.0,22.176470588235293
1697781,2015-08-13,45,Produce,5518.248,1,42.27,0.0,0.0,0.0,0.0,0.0,0.0,0.0,0.0,0.0,0.0,0.0,13,3,8,2015,4946.3857,4197.467,6385.243114285714,4747.251,6447.613777777778,9364.96,6480.665427272726,35.0,36.46153846153846,42.0,32.13333333333333,13.0,22.352941176470587
1699563,2015-08-14,45,Produce,6999.446,0,42.45,0.0,0.0,0.0,0.0,0.0,0.0,0.0,0.0,0.0,0.0,0.0,14,4,8,2015,7546.983,5806.163,6311.467114285713,7835.546,6822.938166666667,6180.8027,6883.371972727272,73.0,25.615384615384617,85.0,33.8,14.0,24.11764705882353
1701345,2015-08-15,45,Produce,6436.913,0,42.27666666666667,0.0,0.0,0.0,0.0,1.0,0.0,0.0,0.0,0.0,0.0,0.0,15,5,8,2015,4216.504,6611.959,6294.403928571429,4738.096,6784.960277777778,5377.833,6849.061881818182,29.0,20.0,73.0,32.06666666666667,38.0,26.823529411764707
1703127,2015-08-16,45,Produce,7600.924,0,42.10333333333333,0.0,0.0,0.0,0.0,0.0,0.0,0.0,0.0,0.0,0.0,0.0,16,6,8,2015,5721.817,8869.929,6250.941671428571,6393.231,6354.007055555556,8259.152,7024.674609090909,0.0,22.384615384615383,62.0,31.133333333333333,53.0,28.58823529411765
1704909,2015-08-17,45,Produce,5678.924,0,41.93,0.0,0.0,0.0,0.0,0.0,0.0,0.0,0.0,0.0,0.0,0.0,17,0,8,2015,8213.253,5777.705,6253.661242857143,7193.993,6602.489477777777,4754.412,6951.632427272727,1.0,22.615384615384617,44.0,31.266666666666666,43.0,26.705882352941178
1706691,2015-08-18,45,Produce,4287.635,0,42.58,0.0,0.0,0.0,0.0,0.0,0.0,0.0,0.0,0.0,0.0,0.0,18,1,8,2015,8949.36,4946.3857,6241.611814285715,9303.1045,6541.402366666666,6765.573,6967.216154545455,6.0,22.384615384615383,7.0,30.933333333333334,5.0,23.235294117647058
1708473,2015-08-19,45,Produce,6829.352,197,40.75,0.0,0.0,0.0,0.0,0.0,0.0,0.0,0.0,0.0,0.0,0.0,19,2,8,2015,7421.033,7546.983,6470.368100000001,6294.137,6315.915366666666,9022.758,6517.733972727274,7.0,22.307692307692307,10.0,30.733333333333334,7.0,21.647058823529413
1710255,2015-08-20,45,Produce,4465.265,0,41.0,0.0,0.0,0.0,0.0,0.0,0.0,0.0,0.0,0.0,0.0,0.0,20,3,8,2015,5511.03,4216.504,6481.715385714286,5065.828,6524.1223666666665,7641.126,6503.598000000001,35.0,20.46153846153846,28.0,32.0,5.0,21.176470588235293
1712037,2015-08-21,45,Produce,5427.684,0,40.45,0.0,0.0,0.0,0.0,0.0,0.0,0.0,0.0,0.0,0.0,0.0,21,4,8,2015,8543.514,5721.817,6716.476528571429,7851.2188,6799.311033333333,6324.569,6730.837909090909,52.0,18.23076923076923,49.0,33.6,9.0,23.058823529411764
1713819,2015-08-22,45,Produce,7025.246,0,39.70666666666667,0.0,0.0,0.0,0.0,0.0,0.0,0.0,0.0,0.0,0.0,0.0,22,5,8,2015,4626.923,8213.253,6797.14,4197.467,6641.9457,5201.884,6871.172636363637,34.0,21.0,30.0,30.6,36.0,27.294117647058822
1715601,2015-08-23,45,Produce,7528.894,0,38.96333333333333,0.0,0.0,0.0,0.0,0.0,0.0,0.0,0.0,0.0,0.0,0.0,23,6,8,2015,5584.571,8949.36,6939.501571428572,5806.163,6157.865833333333,7746.308,6972.41309090909,6.0,23.23076923076923,3.0,26.066666666666666,57.0,29.11764705882353
1717383,2015-08-24,45,Produce,5556.188,0,38.22,0.0,0.0,0.0,0.0,1.0,0.0,0.0,0.0,0.0,0.0,0.0,24,0,8,2015,6669.533,7421.033,6998.132857142858,6611.959,6297.070944444444,4420.656,6790.960454545455,4.0,569.7471538461539,7.0,22.0,40.0,484.10770588235295
1719165,2015-08-25,45,Produce,4592.608,0,39.15,0.0,0.0,0.0,0.0,0.0,0.0,0.0,0.0,0.0,0.0,0.0,25,1,8,2015,6314.299,5511.03,6978.526285714286,8869.929,6202.701611111111,6025.307,6868.566090909091,8.0,1048.619,2.0,20.4,8.0,812.7021176470588
1720947,2015-08-26,45,Produce,6739.462,200,38.5,0.0,0.0,0.0,0.0,0.0,0.0,0.0,0.0,0.0,0.0,0.0,26,2,8,2015,8024.336,8543.514,6757.994857142856,5777.705,5966.101411111111,7877.472,6632.756090909091,11.0,1771.765846153846,10.0,20.6,8.0,1375.1555294117647
1722729,2015-08-27,45,Produce,3920.433,0,42.47,0.0,0.0,0.0,0.0,0.0,0.0,0.0,0.0,0.0,0.0,0.0,27,3,8,2015,5825.024,4626.923,6381.5575714285715,4946.3857,6412.299855555555,9802.834,6648.608454545454,44.0,2158.886692307692,28.0,22.0,7.0,1669.0441764705884
1724511,2015-08-28,45,Produce,5902.19,0,45.29,0.0,0.0,0.0,0.0,0.0,0.0,0.0,0.0,0.0,0.0,0.0,28,4,8,2015,8423.438,5584.571,6467.743714285714,7546.983,6761.543966666668,5868.057,6857.597090909091,65.0,2628.490461538461,66.0,25.266666666666666,9.0,2037.472529411765
1726293,2015-08-29,45,Produce,6966.011,0,46.593333333333334,0.0,0.0,0.0,0.0,0.0,0.0,0.0,0.0,0.0,0.0,0.0,29,5,8,2015,5518.248,6669.533,6512.6,4216.504,6851.4410777777775,4769.594,6954.753,29.0,3235.361692307692,40.0,26.0,40.0,2560.591823529412
1728075,2015-08-30,45,Produce,8894.61,0,47.89666666666667,0.0,0.0,0.0,0.0,0.0,0.0,0.0,0.0,0.0,0.0,0.0,30,6,8,2015,6999.446,6314.299,6495.446285714285,5721.817,6478.230077777777,9876.42,7250.043545454545,7105.713,4023.5525384615385,5.0,24.2,85.0,3206.309647058824
1729857,2015-08-31,45,Produce,6118.596,0,49.2,0.0,0.0,0.0,0.0,0.0,0.0,0.0,0.0,0.0,0.0,0.0,31,0,8,2015,6436.913,8024.336,6622.77842857143,8213.253,6785.5421888888895,5047.216,7318.719272727272,6231.334,4503.711692307692,1.0,24.2,45.0,3571.089294117647
1731639,2015-09-01,45,Produce,6546.121,0,45.38,0.0,0.0,0.0,0.0,0.0,0.0,0.0,0.0,0.0,0.0,0.0,1,1,9,2015,7600.924,5825.024,6824.903428571429,8949.36,6750.046333333334,6498.945,7424.472181818182,9407.909,4856.402923076923,20.0,24.466666666666665,7772.831,3863.202882352941
1733421,2015-09-02,45,Produce,8763.944,197,46.3,0.0,0.0,0.0,0.0,0.0,0.0,0.0,0.0,0.0,0.0,0.0,2,2,9,2015,5678.924,8423.438,6791.672,7421.033,6532.000555555556,7500.759,7044.704118181818,5067.571,5472.367307692307,10.0,25.133333333333333,5639.105,4407.045823529412
1735203,2015-09-03,45,Produce,4976.832,0,46.75,0.0,0.0,0.0,0.0,0.0,0.0,0.0,0.0,0.0,0.0,0.0,3,3,9,2015,4287.635,5518.248,6975.475571428571,5511.03,6804.559333333334,8815.023,7049.897572727274,6156.849,5806.892615384615,31.0,26.4,9604.708,4679.155294117647
1736985,2015-09-04,45,Produce,5856.9897,2,46.02,0.0,0.0,0.0,0.0,0.0,0.0,0.0,0.0,0.0,0.0,0.0,4,4,9,2015,6829.352,6999.446,6640.416714285714,8543.514,6870.390666666667,7668.852,7219.56520909091,7923.326,6263.842461538461,77.0,28.266666666666666,5001.107,4995.826
1738767,2015-09-05,45,Produce,8198.8955,0,45.995000000000005,0.0,0.0,0.0,0.0,0.0,0.0,0.0,0.0,0.0,0.0,0.0,5,5,9,2015,4465.265,6436.913,6420.789714285714,4626.923,6849.399888888889,6780.74,7134.836754545456,10252.481,6844.295307692307,60.0,25.933333333333334,6270.282,5476.211352941176
1740549,2015-09-06,45,Produce,8854.69,0,45.97,0.0,0.0,0.0,0.0,0.0,0.0,0.0,0.0,0.0,0.0,0.0,6,6,9,2015,5427.684,7600.924,6193.063142857142,5584.571,6502.251444444445,9040.754,7186.442300000001,6246.069,7018.083538461538,3.0,23.4,8898.028,6077.479294117647
1742331,2015-09-07,45,Produce,5704.669,0,45.945,0.0,0.0,0.0,0.0,0.0,0.0,0.0,0.0,0.0,0.0,0.0,7,0,9,2015,7025.246,5678.924,6042.637000000001,6669.533,6613.629777777778,5625.3853,7027.197390909091,4592.986,7014.196515384615,3.0,23.4,10986.203,6424.927470588235
1744113,2015-09-08,45,Produce,4006.173,0,45.92,0.0,0.0,0.0,0.0,0.0,0.0,0.0,0.0,0.0,0.0,0.0,8,1,9,2015,7528.894,4287.635,5818.099571428572,6314.299,6614.431777777778,5925.185,7057.632572727274,8018.537,6704.190669230768,11.0,23.533333333333335,6237.254,6763.192
1745895,2015-09-09,45,Produce,7091.41,182,44.13,0.0,0.0,0.0,0.0,0.0,0.0,0.0,0.0,0.0,0.0,0.0,9,2,9,2015,5556.188,6829.352,5902.147142857143,8024.336,6442.868666666666,6635.938,6687.002845454545,4392.829,6949.6969,12.0,23.066666666666666,5022.931,7281.998352941177
1747677,2015-09-10,45,Produce,3984.387,0,45.85,0.0,0.0,0.0,0.0,0.0,0.0,0.0,0.0,0.0,0.0,0.0,10,3,9,2015,4592.608,4465.265,5891.857142857143,5825.024,6643.978666666667,8944.407,6571.0373,6005.348,6841.81713076923,29.0,24.866666666666667,9285.33,7062.633411764706
1749459,2015-09-11,45,Produce,5353.521,1,44.75,0.0,0.0,0.0,0.0,0.0,0.0,0.0,0.0,0.0,0.0,0.0,11,4,9,2015,6739.462,5427.684,5874.323428571429,8423.438,6868.017888888889,5614.877,6608.605754545454,7574.887,6752.759207692307,56.0,26.2,4633.861,7049.012941176471
1751241,2015-09-12,45,Produce,7609.097,0,44.52333333333333,0.0,0.0,0.0,0.0,0.0,0.0,0.0,0.0,0.0,0.0,0.0,12,5,9,2015,3920.433,7025.246,5917.8910000000005,5518.248,6757.950222222222,4747.251,6632.4558,9364.96,6658.165130769232,31.0,23.0,5391.402,6985.568470588236
1753023,2015-09-13,45,Produce,9400.038,0,44.29666666666667,0.0,0.0,0.0,0.0,0.0,0.0,0.0,0.0,0.0,0.0,0.0,13,6,9,2015,5902.19,7528.894,5905.049571428572,6999.446,6532.765333333333,7835.546,6693.25140909091,6180.8027,6765.477207692307,2.0,19.133333333333333,8173.551,7234.728352941176
1754805,2015-09-14,45,Produce,4287.179,2,44.07,0.0,0.0,0.0,0.0,0.0,0.0,0.0,0.0,0.0,0.0,0.0,14,0,9,2015,6966.011,5556.188,5827.216428571429,6436.913,6399.989333333334,4738.096,6615.128045454545,5377.833,6898.6759,5.0,19.6,10230.555,7212.309647058824
1756587,2015-09-15,45,Produce,5097.191,0,44.58,0.0,0.0,0.0,0.0,0.0,0.0,0.0,0.0,0.0,0.0,0.0,15,1,9,2015,8894.61,4592.608,5895.003,7600.924,6248.905,6393.231,6725.608118181818,8259.152,6682.010284615385,3.0,19.733333333333334,5946.619,6962.934647058823
1758369,2015-09-16,45,Produce,7949.77,191,47.12,0.0,0.0,0.0,0.0,0.0,0.0,0.0,0.0,0.0,0.0,0.0,16,2,9,2015,6118.596,6739.462,5886.540857142857,5678.924,5916.043444444444,7193.993,6294.068118181818,4754.412,6939.970207692308,13.0,19.4,5835.497,6798.169823529412
1760151,2015-09-17,45,Produce,3969.157,0,46.93,0.0,0.0,0.0,0.0,0.0,0.0,0.0,0.0,0.0,0.0,0.0,17,3,9,2015,6546.121,3920.433,6081.643142857143,4287.635,6083.487666666666,9303.1045,6311.457754545455,6765.573,6818.070823076923,37.0,20.2,8864.708,6665.172647058825
1761933,2015-09-18,45,Produce,5678.867,0,44.71,0.0,0.0,0.0,0.0,0.0,0.0,0.0,0.0,0.0,0.0,0.0,18,4,9,2015,8763.944,5902.19,6161.987142857143,6829.352,6142.3152222222225,6294.137,6480.976663636364,9022.758,6698.8723615384615,51.0,22.2,4043.627,6667.156176470589
1763715,2015-09-19,45,Produce,7536.436,0,45.36333333333334,0.0,0.0,0.0,0.0,0.0,0.0,0.0,0.0,0.0,0.0,0.0,19,5,9,2015,4976.832,6966.011,6441.060428571429,4465.265,6044.456888888889,5065.828,6575.011481818182,7641.126,6584.450207692308,29.0,19.466666666666665,5407.557,6617.952882352942
1765497,2015-09-20,45,Produce,8828.673,0,46.016666666666666,0.0,0.0,0.0,0.0,0.0,0.0,0.0,0.0,0.0,0.0,0.0,20,6,9,2015,5856.9897,8894.61,6730.272142857143,5427.684,5710.199555555556,7851.2188,6669.521390909091,6324.569,6863.067999999999,2.0,17.6,8526.152,6916.139647058823
1767279,2015-09-21,45,Produce,5757.942,0,46.67,0.0,0.0,0.0,0.0,0.0,0.0,0.0,0.0,0.0,0.0,0.0,21,0,9,2015,8198.8955,6118.596,6881.186285714286,7025.246,5828.037111111112,4197.467,6537.99,5201.884,6900.777538461538,10.0,17.6,9236.825,6926.948294117647
1769061,2015-09-22,45,Produce,4515.889,0,46.17,0.0,0.0,0.0,0.0,0.0,0.0,0.0,0.0,0.0,0.0,0.0,22,1,9,2015,8854.69,6546.121,6874.7291,7528.894,5787.236888888889,5806.163,6570.080000000001,7746.308,6632.35,5.0,17.533333333333335,5889.164,6763.841882352942
1770843,2015-09-23,45,Produce,8160.492,195,44.53,0.0,0.0,0.0,0.0,0.0,0.0,0.0,0.0,0.0,0.0,0.0,23,2,9,2015,5704.669,8763.944,7050.855457142857,5556.188,5684.218888888889,6611.959,6107.661772727273,4420.656,7026.350615384616,6.0,18.666666666666668,4658.653,6805.093411764706
1772625,2015-09-24,45,Produce,4203.816,0,44.94,0.0,0.0,0.0,0.0,0.0,0.0,0.0,0.0,0.0,0.0,0.0,24,3,9,2015,4006.173,4976.832,7045.1526,4592.608,5962.079555555556,8869.929,6055.6326818181815,6025.307,6894.1693076923075,24.0,20.333333333333332,8185.201,6766.728235294117
1774407,2015-09-25,45,Produce,5235.989,0,45.55,0.0,0.0,0.0,0.0,0.0,0.0,0.0,0.0,0.0,0.0,0.0,25,4,9,2015,7091.41,5856.9897,6986.020171428572,6739.462,6347.293555555556,5777.705,6341.762227272728,7877.472,6700.029846153846,59.0,21.0,3976.302,6794.42305882353
1776189,2015-09-26,45,Produce,7041.866,0,45.166666666666664,0.0,0.0,0.0,0.0,0.0,0.0,0.0,0.0,0.0,0.0,0.0,26,5,9,2015,3984.387,8198.8955,6623.170457142856,3920.433,6246.554666666667,4946.3857,6441.5932454545455,9802.834,6689.232384615385,15.0,19.333333333333332,5056.651,6786.264176470588
1777971,2015-09-27,45,Produce,9241.443,1,44.78333333333333,0.0,0.0,0.0,0.0,0.0,0.0,0.0,0.0,0.0,0.0,0.0,27,6,9,2015,5353.521,8854.69,6384.237028571429,5902.19,6137.357666666667,7546.983,6734.644700000001,5868.057,6880.805769230769,3.0,17.6,8448.874,7177.846470588235
1779753,2015-09-28,45,Produce,5552.86,0,44.4,0.0,0.0,0.0,0.0,1.0,0.0,0.0,0.0,0.0,0.0,0.0,28,0,9,2015,7609.097,5704.669,6242.459171428572,6966.011,6493.775,4216.504,6707.814427272728,4769.594,7070.572538461538,2.0,17.6,9703.036,7202.1684117647055
1781535,2015-09-29,45,Produce,4310.641,0,45.24,0.0,0.0,0.0,0.0,0.0,0.0,0.0,0.0,0.0,0.0,0.0,29,1,9,2015,9400.038,4006.173,6170.535071428572,8894.61,6536.466555555556,5721.817,6883.410336363638,9876.42,6996.298076923077,4.0,17.933333333333334,5575.149,6991.41994117647
1783317,2015-09-30,45,Produce,7862.362,201,45.06,0.0,0.0,0.0,0.0,0.0,0.0,0.0,0.0,0.0,0.0,0.0,30,2,9,2015,4287.179,7091.41,6086.2781428571425,6118.596,6438.4140777777775,8213.253,6497.6825181818185,5047.216,7351.690230769231,20.0,18.133333333333333,5400.742,6937.348647058823
1785099,2015-10-01,45,Produce,5371.901,1,44.75,0.0,0.0,0.0,0.0,0.0,0.0,0.0,0.0,0.0,0.0,0.0,1,3,10,2015,5097.191,3984.387,6164.1849999999995,6546.121,6913.7988000000005,8949.36,6480.124881818181,6498.945,7320.927023076923,38.0,20.2,10931.831,6848.607176470588
1786881,2015-10-02,45,Produce,6808.332,1,45.54,0.0,0.0,0.0,0.0,0.0,0.0,0.0,0.0,0.0,0.0,0.0,2,4,10,2015,7949.77,5353.521,5961.686428571428,8763.944,7241.854355555555,7421.033,6636.774636363637,7500.759,7170.7510999999995,47.0,23.266666666666666,5294.411,7017.78105882353
1788663,2015-10-03,45,Produce,8822.869,1,45.78666666666667,0.0,0.0,0.0,0.0,0.0,0.0,0.0,0.0,0.0,0.0,0.0,3,5,10,2015,3969.157,7609.097,6117.546142857143,4976.832,7101.705244444445,5511.03,6524.712454545454,8815.023,6927.1437153846155,26.0,22.066666666666666,6306.309,7010.961294117647
1790445,2015-10-04,45,Produce,9835.77,1,46.03333333333333,0.0,0.0,0.0,0.0,0.0,0.0,0.0,0.0,0.0,0.0,0.0,4,6,10,2015,5678.867,9400.038,6240.169,5856.9897,6558.545577777778,8543.514,6870.879000000001,7668.852,7163.786023076924,3.0,21.333333333333332,8726.007,7333.419999999999
1792227,2015-10-05,45,Produce,6054.937,1,46.28,0.0,0.0,0.0,0.0,0.0,0.0,0.0,0.0,0.0,0.0,0.0,5,0,10,2015,7536.436,4287.179,6237.993285714285,8198.8955,6666.636022222222,4626.923,6880.261454545455,6780.74,7228.807792307693,2.0,21.333333333333332,10700.526,7365.041882352941
1794009,2015-10-06,45,Produce,4725.398,1,48.53,0.0,0.0,0.0,0.0,0.0,0.0,0.0,0.0,0.0,0.0,0.0,6,1,10,2015,8828.673,5097.191,6284.471285714287,8854.69,6381.998911111111,5584.571,6899.369181818182,9040.754,6834.256330769231,15.0,21.466666666666665,5821.03,7144.64494117647
1795791,2015-10-07,45,Produce,7263.026,205,47.86,0.0,0.0,0.0,0.0,1.0,0.0,0.0,0.0,0.0,0.0,0.0,7,2,10,2015,5757.942,7949.77,6274.0911428571435,5704.669,6003.063022222223,6669.533,6587.4499090909085,5625.3853,7048.7432538461535,8.0,21.533333333333335,4943.428,7075.557823529412
1797573,2015-10-08,45,Produce,3855.349,1,49.46,0.0,0.0,0.0,0.0,0.0,0.0,0.0,0.0,0.0,0.0,0.0,8,3,10,2015,4515.889,3969.157,6192.467571428571,4006.173,6295.53691111111,6314.299,6549.123818181818,5925.185,6913.293330769231,37.0,22.533333333333335,8317.613,7009.4601764705885
1799355,2015-10-09,45,Produce,7140.941,1,49.67,0.0,0.0,0.0,0.0,0.0,1.0,0.0,0.0,0.0,0.0,0.0,9,4,10,2015,8160.492,5678.867,6402.576571428572,7091.41,6689.208944444445,8024.336,6633.294999999999,6635.938,6828.098869230769,70.0,24.133333333333333,4380.559,7004.202823529412
1801137,2015-10-10,45,Produce,6839.478,1,48.81,0.0,0.0,0.0,0.0,0.0,0.0,0.0,0.0,0.0,0.0,0.0,10,5,10,2015,4203.816,7536.436,6319.533428571428,3984.387,6254.573777777779,5825.024,6547.605,8944.407,6703.4042538461545,41.0,23.133333333333333,7534.609,6837.660588235294
1802919,2015-10-11,45,Produce,7909.64,1,47.95,0.0,0.0,0.0,0.0,0.0,0.0,0.0,0.0,0.0,0.0,0.0,11,6,10,2015,5235.989,8828.673,6349.636571428572,5353.521,5837.073888888889,8423.438,6643.241454545455,5614.877,6829.115984615384,4.0,21.666666666666668,8069.265,7109.719588235294
1804701,2015-10-12,45,Produce,5456.8433,1,47.09,0.0,0.0,0.0,0.0,0.0,0.0,0.0,0.0,0.0,0.0,0.0,12,0,10,2015,7041.866,5757.942,6383.159285714285,7609.097,6086.529555555555,5518.248,6525.3381818181815,4747.251,6791.684984615385,3.0,21.533333333333335,9458.1,7087.448235294118
1806483,2015-10-13,45,Produce,3796.851,0,46.7,0.0,0.0,0.0,0.0,0.0,0.0,0.0,0.0,0.0,0.0,0.0,13,1,10,2015,9241.443,4515.889,6319.8910000000005,9400.038,6082.416666666667,6999.446,6539.867181818181,7835.546,6485.921446153847,4.0,21.933333333333334,5594.223,6841.987117647059
1808265,2015-10-14,45,Produce,7405.817,201,46.63,0.0,0.0,0.0,0.0,0.0,0.0,0.0,0.0,0.0,0.0,0.0,14,2,10,2015,5552.86,8160.492,6249.238142857143,4287.179,5925.4674444444445,6436.913,6371.773181818182,4738.096,6657.139407692308,5.0,21.333333333333332,4702.126,6721.041529411765
1810047,2015-10-15,45,Produce,4144.668,1,46.38,0.0,0.0,0.0,0.0,0.0,0.0,0.0,0.0,0.0,0.0,0.0,15,3,10,2015,4310.641,4203.816,6308.205285714286,5097.191,6320.139555555555,7600.924,6135.7139090909095,6393.231,6524.238023076923,35.0,23.0,8528.555,6619.585470588235
1811829,2015-10-16,45,Produce,5302.833,1,47.3,0.0,0.0,0.0,0.0,0.0,0.0,0.0,0.0,0.0,0.0,0.0,16,4,10,2015,7862.362,5235.989,6278.907857142856,7949.77,6706.267555555556,5678.924,6244.825,7193.993,6460.409176923077,62.0,24.2,4451.489,6624.852176470587
1813611,2015-10-17,45,Produce,8022.736,1,46.836666666666666,0.0,0.0,0.0,0.0,0.0,0.0,0.0,0.0,0.0,0.0,0.0,17,5,10,2015,5371.901,7041.866,6249.586714285715,3969.157,6500.583666666667,4287.635,6163.502818181819,9303.1045,6280.9901,32.0,22.933333333333334,5311.367,6598.406529411765
1815393,2015-10-18,45,Produce,9040.804,1,46.37333333333333,0.0,0.0,0.0,0.0,0.0,0.0,0.0,0.0,0.0,0.0,0.0,18,6,10,2015,6808.332,9241.443,6206.996714285714,5678.867,5957.900444444445,6829.352,6166.951909090908,6294.137,6531.378715384615,4.0,20.733333333333334,8100.613,6907.9454117647065
1817175,2015-10-19,45,Produce,5237.791,1,45.91,0.0,0.0,0.0,0.0,0.0,0.0,0.0,0.0,0.0,0.0,0.0,19,0,10,2015,8822.869,5552.86,6373.866,7536.436,6388.268555555555,4465.265,5948.148454545455,5065.828,6610.644407692308,1.0,21.533333333333335,9919.414,6787.683294117647
1818957,2015-10-20,45,Produce,4881.42,0,45.84,0.0,0.0,0.0,0.0,0.0,0.0,0.0,0.0,0.0,0.0,0.0,20,1,10,2015,9835.77,4310.641,6598.486428571428,8828.673,6289.004666666667,5427.684,5975.652909090909,7851.2188,6388.401307692308,8.0,22.266666666666666,5927.696,6547.4667058823525
1820739,2015-10-21,45,Produce,7789.214,204,45.22,0.0,0.0,0.0,0.0,0.0,0.0,0.0,0.0,0.0,0.0,0.0,21,2,10,2015,6054.937,7862.362,6852.915428571429,5757.942,5987.473444444445,7025.246,5641.062818181818,4197.467,6604.469538461538,6.0,24.066666666666666,4553.168,6480.012823529412
1822521,2015-10-22,45,Produce,4270.037,0,44.9,0.0,0.0,0.0,0.0,0.0,0.0,0.0,0.0,0.0,0.0,0.0,22,3,10,2015,4725.398,5371.901,6937.819285714286,4515.889,6328.885555555556,7528.894,5661.3597272727275,5806.163,6437.0289999999995,33.0,30.466666666666665,8644.451,6390.300352941176
1824303,2015-10-23,45,Produce,5347.724,0,43.91,0.0,0.0,0.0,0.0,0.0,0.0,0.0,0.0,0.0,0.0,0.0,23,4,10,2015,7263.026,6808.332,7009.544571428572,8160.492,6724.727333333333,5556.188,5904.848454545455,6611.959,6323.784692307691,55.0,32.666666666666664,4096.277,6396.19294117647
1826085,2015-10-24,45,Produce,7544.2207,0,43.669999999999995,0.0,0.0,0.0,0.0,0.0,0.0,0.0,0.0,0.0,0.0,0.0,24,5,10,2015,3855.349,8822.869,7068.795571428572,4203.816,6504.329999999999,4592.608,6092.599181818182,8869.929,6239.949961538461,51.0,29.733333333333334,5032.962,6354.240352941176
1827867,2015-10-25,45,Produce,8596.1,0,43.43,0.0,0.0,0.0,0.0,0.0,0.0,0.0,0.0,0.0,0.0,0.0,25,6,10,2015,7140.941,9835.77,6983.176142857143,5235.989,6002.326444444445,6739.462,6242.902000000001,5777.705,6444.197884615385,8.0,27.733333333333334,7868.037,6557.679176470589
1829649,2015-10-26,45,Produce,5216.376,1,43.19,0.0,0.0,0.0,0.0,0.0,0.0,0.0,0.0,0.0,0.0,0.0,26,0,10,2015,6839.478,6054.937,6766.525857142858,7041.866,6236.150888888889,3920.433,6344.578090909091,4946.3857,6625.367499999999,16.0,27.666666666666668,9642.72,6895.0571176470585
1831431,2015-10-27,45,Produce,4096.34,0,43.21,0.0,0.0,0.0,0.0,0.0,0.0,0.0,0.0,0.0,0.0,0.0,27,1,10,2015,7909.64,4725.398,6814.041428571429,9241.443,6331.263333333332,5902.19,6502.641545454546,7546.983,6445.352976923076,14.0,28.4,5490.153,6809.1568823529415
1833213,2015-10-28,45,Produce,6479.125,209,45.93,0.0,0.0,0.0,0.0,0.0,0.0,0.0,0.0,0.0,0.0,0.0,28,2,10,2015,5456.8433,7263.026,6530.699857142857,5552.86,6181.0233333333335,6966.011,6270.635909090909,4216.504,6779.6642846153845,31.0,28.733333333333334,3985.583,6790.429058823529
1834995,2015-10-29,45,Produce,3859.492,0,46.02,0.0,0.0,0.0,0.0,0.0,0.0,0.0,0.0,0.0,0.0,0.0,29,3,10,2015,3796.851,3855.349,6255.538428571429,4310.641,6694.251444444444,8894.61,6297.9815181818185,5721.817,6688.953515384616,101.0,33.53333333333333,8311.384,6733.146647058824
1836777,2015-10-30,45,Produce,4578.551,0,46.6,0.0,0.0,0.0,0.0,0.0,0.0,0.0,0.0,0.0,0.0,0.0,30,4,10,2015,7405.817,7140.941,6170.096471428572,7862.362,7205.338222222222,6118.596,6625.825836363636,8213.253,6609.9236692307695,68.0,43.06666666666667,4069.111,6776.127176470588
1838559,2015-10-31,45,Produce,6469.028,0,46.44,0.0,0.0,0.0,0.0,0.0,0.0,0.0,0.0,0.0,0.0,0.0,31,5,10,2015,4144.668,6839.478,6037.4469,5371.901,7095.679444444445,6546.121,6818.1192909090905,8949.36,6440.662438461538,18.0,47.733333333333334,4802.3,6732.821000000001
1840341,2015-11-01,45,Produce,7077.514,0,46.28,0.0,0.0,0.0,0.0,0.0,0.0,0.0,0.0,0.0,0.0,0.0,1,6,11,2015,5302.833,7909.64,6057.845614285715,6808.332,6593.896666666667,8763.944,6980.322563636363,7421.033,6481.938899999999,2.0,44.53333333333333,7815.361,7077.0664705882355
1842123,2015-11-02,45,Produce,6952.086,0,46.12,0.0,0.0,0.0,0.0,0.0,1.0,0.0,0.0,0.0,0.0,0.0,2,0,11,2015,8022.736,5456.8433,6099.1768999999995,8822.869,6783.915111111111,4976.832,6807.957381818182,5511.03,6718.704307692308,3.0,44.2,7909.949,7138.980294117648
1843905,2015-11-03,45,Produce,8637.2,0,47.88,0.0,0.0,0.0,0.0,0.0,1.0,0.0,0.0,0.0,0.0,0.0,3,1,11,2015,9040.804,3796.851,5836.590042857142,9835.77,6733.327111111112,5856.9897,6819.35729090909,8543.514,6586.245923076923,12.0,43.6,11046.792,6949.983705882353
1845687,2015-11-04,45,Produce,9353.619,208,46.32,0.0,0.0,0.0,0.0,0.0,0.0,0.0,0.0,0.0,0.0,0.0,4,2,11,2015,5237.791,7405.817,6005.626900000001,6054.937,6653.169222222223,8198.8955,6372.973381818181,4626.923,6909.856230769232,13.0,43.266666666666666,6640.309,6843.345235294117
1847469,2015-11-05,45,Produce,4760.392,1,45.27,0.0,0.0,0.0,0.0,0.0,0.0,0.0,0.0,0.0,0.0,0.0,5,3,11,2015,4881.42,4144.668,6167.221757142857,4725.398,6816.233333333334,8854.69,6303.421109090909,5584.571,6894.1970769230775,78.0,43.53333333333333,9601.041,6775.191882352941
1849251,2015-11-06,45,Produce,5285.477,0,44.32,0.0,0.0,0.0,0.0,0.0,0.0,1.0,0.0,0.0,0.0,0.0,6,4,11,2015,7789.214,5302.833,6135.928571428572,7263.026,6938.600888888888,5704.669,6400.055290909091,6669.533,6800.827307692308,176.0,41.666666666666664,4953.895,6847.776294117647
1851033,2015-11-07,45,Produce,8002.058,0,44.17,0.0,0.0,0.0,0.0,0.0,0.0,1.0,0.0,0.0,0.0,0.0,7,5,11,2015,4270.037,8022.736,6290.867,3855.349,6564.598033333333,4006.173,6457.882018181818,6314.299,6607.562153846153,125.0,39.06666666666667,5283.837,6854.029764705882
1852815,2015-11-08,45,Produce,9288.435,0,44.019999999999996,0.0,0.0,0.0,0.0,0.0,0.0,0.0,0.0,0.0,0.0,0.0,8,6,11,2015,5347.724,9040.804,6345.638,7140.941,5893.607033333333,7091.41,6395.186290909091,8024.336,6621.399923076922,3.0,37.86666666666667,7908.246,7249.899411764705
1854597,2015-11-09,45,Produce,5196.265,0,43.87,0.0,0.0,0.0,0.0,0.0,0.0,0.0,0.0,0.0,0.0,0.0,9,0,11,2015,7544.2207,5237.791,6363.547857142857,6839.478,6043.704811111111,3984.387,6326.113681818181,5825.024,6634.314846153847,3.0,37.8,9948.45,7344.735941176471
1856379,2015-11-10,45,Produce,4746.243,0,44.23,0.0,0.0,0.0,0.0,1.0,0.0,0.0,0.0,0.0,0.0,0.0,10,1,11,2015,8596.1,4881.42,6369.960857142857,7909.64,5979.179255555555,5353.521,6303.465909090909,8423.438,6306.939538461539,7.0,38.0,6085.497,7167.161294117647
1858161,2015-11-11,45,Produce,7659.355,203,42.95,0.0,0.0,0.0,0.0,1.0,0.0,0.0,0.0,0.0,0.0,0.0,11,2,11,2015,5216.376,7789.214,6301.601528571429,5456.8433,5761.380033333333,7609.097,5859.326545454546,5518.248,6476.357153846154,9.0,37.666666666666664,4655.095,7178.090352941177
1859943,2015-11-12,45,Produce,3601.821,0,41.74,0.0,0.0,0.0,0.0,1.0,0.0,0.0,0.0,0.0,0.0,0.0,12,3,11,2015,4096.34,4270.037,6238.072385714286,3796.851,6224.4230333333335,9400.038,5856.980909090909,6999.446,6390.256692307692,35.0,39.13333333333333,7829.866,6798.624529411765
1861725,2015-11-13,45,Produce,5604.52,1,40.69,0.0,0.0,0.0,0.0,0.0,0.0,0.0,0.0,0.0,0.0,0.0,13,4,11,2015,6479.125,5347.724,6235.013100000001,7405.817,6435.518922222222,4287.179,6177.913909090909,6436.913,6294.729846153847,73.0,37.4,4331.546,6735.039882352941
1863507,2015-11-14,45,Produce,7052.782,1,41.019999999999996,0.0,0.0,0.0,0.0,0.0,0.0,0.0,0.0,0.0,0.0,0.0,14,5,11,2015,3859.492,7544.2207,6122.858814285714,4144.668,6257.5537,5097.191,6335.846909090909,7600.924,6349.418076923078,29.0,27.933333333333334,5219.518,6629.020882352941
1865289,2015-11-15,45,Produce,9702.654,1,41.35,0.0,0.0,0.0,0.0,0.0,0.0,0.0,0.0,0.0,0.0,0.0,15,6,11,2015,4578.551,8596.1,5935.703242857142,5302.833,5921.084811111111,7949.77,6497.0791818181815,5678.924,6311.307153846154,0.0,20.0,8417.693,6946.519352941176
1867071,2015-11-16,45,Produce,5961.712,0,41.68,0.0,0.0,0.0,0.0,0.0,0.0,0.0,0.0,0.0,0.0,0.0,16,0,11,2015,6469.028,5216.376,5877.053957142858,8022.736,6180.237111111111,3969.157,6420.930818181819,4287.635,6290.627461538462,1.0,20.066666666666666,10798.895,6995.019882352942
1868853,2015-11-17,45,Produce,4870.371,0,40.73,0.0,0.0,0.0,0.0,0.0,0.0,0.0,0.0,0.0,0.0,0.0,17,1,11,2015,7077.514,4096.34,5767.172100000001,9040.804,6232.8133333333335,5678.867,6471.057636363636,6829.352,5995.94823076923,6.0,20.4,6414.521,6789.259352941176
1870635,2015-11-18,45,Produce,7862.945,209,40.75,0.0,0.0,0.0,0.0,0.0,0.0,0.0,0.0,0.0,0.0,0.0,18,2,11,2015,6952.086,6479.125,5613.5731428571435,5237.791,6004.136333333333,7536.436,5998.673818181818,4465.265,6089.887769230769,7.0,20.666666666666668,4796.592,6721.765176470588
1872417,2015-11-19,45,Produce,4749.774,1,40.55,0.0,0.0,0.0,0.0,0.0,0.0,0.0,0.0,0.0,0.0,0.0,19,3,11,2015,8637.2,3859.492,5396.632285714286,4881.42,6381.864411111111,8828.673,6084.929272727272,5427.684,5853.040615384616,35.0,23.0,8095.743,6613.035941176471
1874199,2015-11-20,45,Produce,5679.899,1,39.39,0.0,0.0,0.0,0.0,0.0,0.0,0.0,0.0,0.0,0.0,0.0,20,4,11,2015,9353.619,4578.551,5644.590857142857,7789.214,6747.782966666668,5757.942,6261.7179090909085,7025.246,5811.908076923078,52.0,25.0,4595.873,6663.524588235295
1875981,2015-11-21,45,Produce,7748.065,1,39.35,0.0,0.0,0.0,0.0,0.0,0.0,0.0,0.0,0.0,0.0,0.0,21,5,11,2015,4760.392,6469.028,6293.285142857144,4270.037,6435.965188888888,4515.889,6379.142727272728,7528.894,5763.0686153846145,34.0,22.066666666666666,5559.37,6684.055941176471
1877763,2015-11-22,45,Produce,9310.615,1,39.31,0.0,0.0,0.0,0.0,0.0,0.0,0.0,0.0,0.0,0.0,0.0,22,6,11,2015,5285.477,7077.514,6703.927142857143,5347.724,5886.5803,8160.492,6523.115727272728,5556.188,6010.4290769230765,6.0,493.84753333333333,7798.718,7035.575588235294
1879545,2015-11-23,45,Produce,5780.274,0,39.27,0.0,0.0,0.0,0.0,0.0,0.0,0.0,0.0,0.0,0.0,0.0,23,0,11,2015,8002.058,6952.086,6832.627142857143,7544.2207,6024.5063,4203.816,6398.731545454545,4592.608,6151.272230769231,4.0,909.2697999999999,10351.369,7166.281705882353
1881327,2015-11-24,45,Produce,4526.866,0,40.89,0.0,0.0,0.0,0.0,0.0,0.0,0.0,0.0,0.0,0.0,0.0,24,1,11,2015,9288.435,8637.2,6933.616571428572,8596.1,5910.958744444444,5235.989,6428.361181818182,6739.462,6129.485230769231,8.0,1536.3970666666667,6108.346,7018.369647058824
1883109,2015-11-25,45,Produce,8005.477,211,41.22,0.0,0.0,0.0,0.0,0.0,0.0,0.0,0.0,0.0,0.0,0.0,25,2,11,2015,5196.265,9353.619,7152.620857142858,5216.376,5554.218411111111,7041.866,6114.109181818182,3920.433,6460.1528461538455,11.0,1873.8351333333333,4410.317,6898.252588235294
1884891,2015-11-26,45,Produce,3519.976,1,40.894999999999996,0.0,0.0,0.0,0.0,0.0,0.0,0.0,0.0,0.0,0.0,0.0,26,3,11,2015,4746.243,4760.392,7468.466714285714,4096.34,5798.550744444445,9241.443,6209.599181818182,5902.19,6425.471923076922,44.0,2283.8250666666663,8801.049,6784.026235294117
1886673,2015-11-27,45,Produce,4977.075,3,40.57,0.0,0.0,0.0,1.0,0.0,0.0,0.0,0.0,0.0,0.0,0.0,27,4,11,2015,7659.355,5285.477,7217.635142857143,6479.125,5990.749633333334,5552.86,6601.142818181818,6966.011,6335.606053846154,65.0,2809.7134666666666,4237.1,6840.355588235294
1888455,2015-11-28,45,Produce,7391.325,2,40.52333333333333,0.0,0.0,0.0,0.0,0.0,0.0,0.0,0.0,0.0,0.0,0.0,28,5,11,2015,3601.821,8002.058,6661.784142857143,3859.492,5924.956888888889,4310.641,6753.440818181818,8894.61,6387.14463076923,29.0,3489.7455333333332,5513.402,6780.866588235294
1890237,2015-11-29,45,Produce,10008.098,2,40.47666666666667,0.0,0.0,0.0,0.0,0.0,0.0,0.0,0.0,0.0,0.0,0.0,29,6,11,2015,5604.52,9288.435,6419.746428571429,4578.551,5929.523555555556,7862.362,6921.7245454545455,6118.596,6640.875553846154,7105.713,3903.8834666666667,8178.899,7140.644529411765
1892019,2015-11-30,45,Produce,6305.58,1,40.43,0.0,0.0,0.0,1.0,0.0,0.0,0.0,0.0,0.0,0.0,0.0,30,0,11,2015,7052.782,5196.265,6254.236285714286,6469.028,6389.2172222222225,5371.901,6875.307181818182,6546.121,6726.418707692308,6231.334,4209.682533333334,10307.38,7210.671764705882
1893801,2015-12-01,45,Produce,5698.036,1,40.58,0.0,0.0,0.0,0.0,0.0,0.0,0.0,0.0,0.0,0.0,0.0,1,1,12,2015,9702.654,4746.243,6299.813857142857,7077.514,6463.000777777778,6808.332,6895.412636363635,8763.944,6516.165707692308,9407.909,4743.985,7441.522,7057.628000000001
1895583,2015-12-02,45,Produce,8835.833,212,39.93,0.0,0.0,0.0,0.0,0.0,0.0,0.0,0.0,0.0,0.0,0.0,2,2,12,2015,5961.712,7659.355,6164.203,6952.086,6330.373222222222,8822.869,6405.767727272727,4976.832,6760.087015384615,5067.571,5036.306933333332,5903.188,6933.5744117647055
1897365,2015-12-03,45,Produce,4950.728,1,41.08,0.0,0.0,0.0,0.0,0.0,0.0,0.0,0.0,0.0,0.0,0.0,3,3,12,2015,4870.371,3601.821,6223.377142857143,8637.2,6790.658333333334,9835.77,6550.138727272727,5856.9897,6612.563707692308,6156.849,5435.930133333332,8756.905,6854.620411764706
1899147,2015-12-04,45,Produce,5953.922,0,40.0,0.0,0.0,0.0,0.0,0.0,0.0,0.0,0.0,0.0,0.0,0.0,4,4,12,2015,7862.945,5604.52,6332.7267142857145,9353.619,7313.978777777778,6054.937,6780.032999999999,8198.8955,6488.526015384616,7923.326,5937.9892666666665,4472.673,6924.594294117647
1900929,2015-12-05,45,Produce,7808.723,0,39.21333333333333,1.0,0.0,0.0,0.0,0.0,0.0,0.0,0.0,0.0,0.0,0.0,5,5,12,2015,4749.774,7052.782,6350.459285714285,4760.392,7172.560666666667,4725.398,6784.331,8854.69,6389.6404,10252.481,6557.9866,5754.191,6828.756882352941
1902711,2015-12-06,45,Produce,9996.39,0,38.42666666666667,0.0,0.0,0.0,0.0,1.0,0.0,0.0,0.0,0.0,0.0,0.0,6,6,12,2015,5679.899,9702.654,6379.543571428572,5285.477,6913.530555555556,7263.026,6792.053027272727,5704.669,6642.059015384615,6246.069,6968.10678,7084.43,7132.652235294117
1904493,2015-12-07,45,Produce,6481.75,0,37.64,0.0,0.0,0.0,0.0,0.0,0.0,0.0,0.0,0.0,0.0,0.0,7,0,12,2015,7748.065,5961.712,6543.536857142857,8002.058,6992.116,3855.349,6518.282027272727,4006.173,6468.294246153846,4592.986,6852.91478,10712.098,7224.466411764705
1906275,2015-12-08,45,Produce,4902.178,0,37.46,0.0,0.0,0.0,0.0,1.0,0.0,0.0,0.0,0.0,0.0,0.0,8,1,12,2015,9310.615,4870.371,6554.305285714286,9288.435,6432.629444444445,7140.941,6389.459118181819,7091.41,6186.236323076924,8018.537,6988.102646666666,6749.833,7062.637
1908057,2015-12-09,45,Produce,8566.539,217,37.16,0.0,0.0,0.0,0.0,0.0,0.0,0.0,0.0,0.0,0.0,0.0,9,2,12,2015,5780.274,7862.945,6653.631428571428,5196.265,6016.062888888889,6839.478,5872.086209090909,3984.387,6414.923861538462,4392.829,6677.869513333334,5196.974,6949.606235294117
1909839,2015-12-10,45,Produce,4616.251,2,36.76,0.0,0.0,0.0,0.0,0.0,0.0,0.0,0.0,0.0,0.0,0.0,10,3,12,2015,4526.866,4749.774,6597.625857142857,4746.243,6270.77288888889,7909.64,5803.713118181818,5353.521,6269.705961538462,6005.348,6791.069646666667,8242.458,6830.611529411764
1911621,2015-12-11,45,Produce,5595.815,1,35.65,0.0,0.0,0.0,0.0,0.0,0.0,0.0,0.0,0.0,0.0,0.0,11,4,12,2015,8005.477,5679.899,6571.706142857142,7659.355,6761.570333333333,5456.8433,6103.471118181818,7609.097,6075.857615384614,7574.887,6982.130246666667,4766.128,6826.2517823529415
1913403,2015-12-12,45,Produce,7721.84,1,35.87,0.0,0.0,0.0,0.0,0.0,0.0,0.0,0.0,0.0,0.0,0.0,12,5,12,2015,3519.976,7748.065,6522.634,3601.821,6534.865222222222,3796.851,6265.0873,9400.038,5974.453461538462,9364.96,6963.316913333332,5599.873,6755.599017647059
1915185,2015-12-13,45,Produce,8869.376,0,36.09,0.0,0.0,0.0,0.0,0.0,0.0,0.0,0.0,0.0,0.0,0.0,13,6,12,2015,4977.075,9310.615,6542.995714285715,5604.52,6043.969222222222,7405.817,6390.763845454546,4287.179,6214.761461538462,6180.8027,6701.456113333334,7171.813,7085.079194117647
1916967,2015-12-14,45,Produce,5860.271,0,36.31,0.0,0.0,0.0,0.0,0.0,0.0,0.0,0.0,0.0,0.0,0.0,14,0,12,2015,7391.325,5780.274,6367.310285714286,7052.782,6340.267000000001,4144.668,6185.352845454545,5097.191,6349.5129230769235,5377.833,6631.84378,9403.321,7307.188547058824
1918749,2015-12-15,45,Produce,5010.336,0,37.32,0.0,0.0,0.0,0.0,0.0,0.0,0.0,0.0,0.0,0.0,0.0,15,1,12,2015,10008.098,4526.866,6266.906857142857,9702.654,6340.659333333333,5302.833,6271.6924818181815,7949.77,6151.395923076923,8259.152,6842.065246666667,7074.243,7433.423076470588
1920531,2015-12-16,45,Produce,8548.997,210,35.55,0.0,0.0,0.0,0.0,0.0,0.0,0.0,0.0,0.0,0.0,0.0,16,2,12,2015,6305.58,8005.477,6215.944,5961.712,6120.719777777778,8022.736,5940.819481818182,3969.157,6472.634769230769,4754.412,6602.2065133333335,5427.799,7330.301311764706
1922313,2015-12-17,45,Produce,5358.769,0,34.98,0.0,0.0,0.0,0.0,0.0,0.0,0.0,0.0,0.0,0.0,0.0,17,3,12,2015,5698.036,3519.976,6315.584428571428,4870.371,6581.413555555556,9040.804,5930.899545454546,5678.867,6384.1959230769235,6765.573,6711.03838,8385.857,7377.508370588235
1924095,2015-12-18,45,Produce,6343.196,0,34.72,0.0,0.0,0.0,0.0,0.0,0.0,0.0,0.0,0.0,0.0,0.0,18,4,12,2015,8835.833,4977.075,6390.628142857144,7862.945,6993.201888888889,5237.791,6271.569518181818,7536.436,6201.649153846154,9022.758,6835.846646666667,5418.612,7447.6556058823535
1925877,2015-12-19,45,Produce,8204.3125,0,34.663333333333334,0.0,0.0,0.0,0.0,0.0,0.0,0.0,0.0,0.0,0.0,0.0,19,5,12,2015,4950.728,7391.325,6557.938142857143,4749.774,6851.812111111111,4881.42,6379.777063636363,8828.673,6020.251307692307,7641.126,6984.376446666667,5829.0723,7371.122429411764
1927659,2015-12-20,45,Produce,9855.401,0,34.60666666666666,0.0,0.0,0.0,0.0,0.0,0.0,0.0,0.0,0.0,0.0,0.0,20,6,12,2015,5953.922,10008.098,6676.560428571429,5679.899,6276.7245555555555,7789.214,6477.205063636363,5757.942,6401.348538461539,6324.569,6751.24958,7555.808,7531.146017647059
1929441,2015-12-21,45,Produce,7990.891,0,34.55,0.0,1.0,0.0,0.0,0.0,0.0,0.0,0.0,0.0,0.0,0.0,21,0,12,2015,7808.723,6305.58,6880.953571428572,7748.065,6503.809555555556,4270.037,6367.5238818181815,4515.889,6436.4,5201.884,6657.169,10073.836,7736.190605882353
1931223,2015-12-22,45,Produce,8407.722,0,36.12,0.0,1.0,0.0,0.0,1.0,0.0,0.0,0.0,0.0,0.0,0.0,22,1,12,2015,9996.39,5698.036,7020.503142857144,9310.615,6353.765666666666,5347.724,6227.195609090909,8160.492,6156.467,7746.308,6957.0748,9530.05,7792.413005882354
1933005,2015-12-23,45,Produce,12235.614,214,36.76,0.0,1.0,0.0,0.0,0.0,0.0,0.0,0.0,0.0,0.0,0.0,23,2,12,2015,6481.75,8835.833,7080.131428571428,5780.274,6033.113444444443,7544.2207,5756.167245454546,4203.816,6455.944307692307,4420.656,6742.945733333333,9230.417,7244.452947058824
1934787,2015-12-24,45,Produce,10062.279,0,37.62,0.0,1.0,0.0,0.0,0.0,0.0,0.0,0.0,0.0,0.0,0.0,24,3,12,2015,4902.178,4950.728,7078.458857142857,4526.866,6326.619111111111,8596.1,5696.236336363637,5235.989,6432.331538461538,6025.307,6859.247933333333,8959.028,6832.4974764705885
1936569,2015-12-26,45,Produce,7542.694,0,36.989999999999995,0.0,1.0,0.0,0.0,0.0,0.0,0.0,0.0,0.0,0.0,0.0,26,5,12,2015,8566.539,5953.922,7103.625999999999,8005.477,6807.530111111111,5216.376,5840.564336363636,7041.866,6376.323538461539,7877.472,6908.260333333334,7552.353,6515.215182352941
1938351,2015-12-27,45,Produce,6806.06,2,36.675,0.0,0.0,0.0,0.0,0.0,0.0,0.0,0.0,0.0,0.0,0.0,27,6,12,2015,4616.251,7808.723,6989.932,3519.976,6647.254,4096.34,5775.8643363636365,9241.443,6375.877076923077,9802.834,6894.4113333333335,6389.477,6022.164770588235
1940133,2015-12-28,45,Produce,6774.996,0,36.36,0.0,0.0,0.0,0.0,0.0,0.0,0.0,0.0,0.0,0.0,0.0,28,0,12,2015,5595.815,9996.39,6951.461428571428,4977.075,6245.856333333333,6479.125,6019.686972727272,5552.86,6689.556153846153,5868.057,6896.259733333334,6941.394,5703.717005882353
1941915,2015-12-29,45,Produce,7669.788,1,37.88,0.0,0.0,0.0,0.0,0.0,0.0,0.0,0.0,0.0,0.0,0.0,29,1,12,2015,7721.84,6481.75,6903.678999999999,7391.325,6585.362888888889,3859.492,6318.730245454546,4310.641,6807.944461538462,4769.594,6926.671133333333,7486.529,5361.242164705883
1943697,2015-12-30,45,Produce,11123.898,211,36.59,0.0,0.0,0.0,0.0,0.0,0.0,0.0,0.0,0.0,0.0,0.0,30,2,12,2015,8869.376,4902.178,6852.5208571428575,10008.098,6632.458666666667,4578.551,6483.221000000001,7862.362,6543.7064615384625,9876.42,7182.5958,9085.631,4917.371105882353
1945479,2015-12-31,45,Produce,8475.039,0,37.13,0.0,1.0,0.0,0.0,0.0,0.0,0.0,0.0,0.0,0.0,0.0,31,3,12,2015,5860.271,8566.539,6840.1089999999995,6305.58,6404.508111111111,6469.028,6134.520272727273,5371.901,6779.030307692307,5047.216,7041.200953333334,8127.5938,4326.968988235294
1949043,2016-01-02,45,Produce,10393.777,0,36.97,0.0,0.0,0.0,0.0,0.0,0.0,0.0,0.0,0.0,0.0,0.0,2,5,1,2016,5010.336,4616.251,6679.106999999999,5698.036,6881.035555555555,7077.514,6140.802181818182,6808.332,6672.8272307692305,6498.945,7141.502886666667,88.0,3769.0248705882354
1950825,2016-01-03,45,Produce,11694.46,1,36.89,0.0,0.0,0.0,0.0,0.0,0.0,0.0,0.0,0.0,0.0,0.0,3,6,1,2016,8548.997,5595.815,6590.324285714285,8835.833,7438.737222222223,6952.086,6495.867454545455,8822.869,6680.448384615384,7500.759,7182.21162,71.0,3228.0591647058823
1952607,2016-01-04,45,Produce,8509.63,1,36.81,0.0,0.0,0.0,0.0,0.0,0.0,0.0,0.0,0.0,0.0,0.0,4,0,1,2016,5358.769,7721.84,6605.775428571428,4950.728,7337.673333333333,8637.2,6751.259272727274,9835.77,6495.681846153846,8815.023,7253.34062,34.0,2701.4692823529413
1954389,2016-01-05,45,Produce,6339.011,1,35.97,0.0,0.0,0.0,0.0,0.0,0.0,0.0,0.0,0.0,0.0,0.0,5,1,1,2016,6343.196,8869.376,6603.269428571429,5953.922,6770.348888888889,9353.619,6872.784090909092,6054.937,6676.972615384615,7668.852,6974.143486666668,4.0,2257.448517647059
1956171,2016-01-06,45,Produce,9361.064,212,33.97,0.0,0.0,0.0,0.0,0.0,0.0,0.0,0.0,0.0,0.0,0.0,6,2,1,2016,8204.3125,5860.271,6709.3434285714275,7808.723,7021.566555555556,4760.392,6888.028818181818,4725.398,6765.142023076924,6780.74,6899.423086666667,5.0,1882.0675176470588
1957953,2016-01-07,45,Produce,5360.354,0,33.29,0.0,0.0,0.0,0.0,0.0,0.0,0.0,0.0,0.0,0.0,0.0,7,3,1,2016,9855.401,5010.336,6816.112142857142,9996.39,6901.368222222222,5285.477,6996.240363636363,7263.026,6452.410407692309,9040.754,7103.819886666666,7.0,1474.926694117647
1959735,2016-01-08,45,Produce,6509.122,0,33.2,0.0,0.0,0.0,0.0,0.0,0.0,0.0,0.0,0.0,0.0,0.0,8,4,1,2016,7990.891,8548.997,6885.0367857142855,6481.75,6541.366222222223,8002.058,6680.268272727273,3855.349,6608.865484615384,5625.3853,6761.264953333333,10.0,1036.130870588235
1961517,2016-01-09,45,Produce,8895.331,1,32.60666666666667,0.0,0.0,0.0,0.0,0.0,0.0,0.0,0.0,0.0,0.0,0.0,9,5,1,2016,8407.722,5358.769,7025.8975,4902.178,6849.267555555555,9288.435,6557.762272727274,7140.941,6403.968253846154,5925.185,6850.999286666667,37.0,505.2702235294117
1963299,2016-01-10,45,Produce,10414.945,0,32.013333333333335,0.0,0.0,0.0,0.0,0.0,0.0,0.0,0.0,0.0,0.0,0.0,10,6,1,2016,12235.614,6343.196,7330.271785714286,8566.539,7173.206888888888,5196.265,6413.724272727273,6839.478,6133.196253846154,6635.938,6897.335820000001,45.0,28.764705882352942
1965081,2016-01-11,45,Produce,5513.63,0,31.42,0.0,0.0,0.0,0.0,0.0,0.0,0.0,0.0,0.0,0.0,0.0,11,0,1,2016,10062.279,8204.3125,7815.612642857142,4616.251,6956.7122222222215,4746.243,6445.454727272728,7909.64,5993.7321,8944.407,7017.492186666666,34.0,23.705882352941178
1966863,2016-01-12,45,Produce,5493.064,0,30.42,0.0,0.0,0.0,0.0,0.0,0.0,0.0,0.0,0.0,0.0,0.0,12,1,1,2016,7542.694,9855.401,8342.272214285713,5595.815,6402.706222222222,7659.355,6554.665636363637,5456.8433,6223.414176923077,5614.877,6849.43312,7.0,19.705882352941178
1968645,2016-01-13,45,Produce,7768.771,211,30.42,0.0,0.0,0.0,0.0,0.0,0.0,0.0,0.0,0.0,0.0,0.0,13,2,1,2016,6806.06,7990.891,9014.202214285713,7721.84,6632.400333333334,3601.821,6516.928727272727,3796.851,6262.8290230769235,4747.251,6675.898186666667,4.0,18.176470588235293
1970427,2016-01-14,45,Produce,4581.225,2,31.22,0.0,0.0,0.0,0.0,0.0,0.0,0.0,0.0,0.0,0.0,0.0,14,3,1,2016,6774.996,8407.722,9185.559071428572,8869.376,6683.132666666667,5604.52,6504.2820909090915,7405.817,6079.628561538461,7835.546,6747.263440000001,8.0,18.294117647058822
1972209,2016-01-15,45,Produce,6053.025,1,29.45,0.0,0.0,0.0,0.0,0.0,0.0,0.0,0.0,0.0,0.0,0.0,15,4,1,2016,7669.788,12235.614,8985.808714285715,5860.271,6436.094555555555,7052.782,6091.676545454545,4144.668,6382.233561538461,4738.096,6424.377640000001,20.0,20.294117647058822
1973991,2016-01-16,45,Produce,8659.165,1,29.205,0.0,0.0,0.0,0.0,0.0,0.0,0.0,0.0,0.0,0.0,0.0,16,5,1,2016,11123.898,10062.279,8545.750857142857,5010.336,6834.768055555555,9702.654,6135.643272727273,5302.833,6161.394792307693,6393.231,6436.429486666666,27.0,23.41176470588235
1975773,2016-01-17,45,Produce,10114.334,1,28.96,0.0,0.0,0.0,0.0,0.0,0.0,0.0,0.0,0.0,0.0,0.0,17,6,1,2016,8475.039,7542.694,8499.878999999999,8548.997,7308.055388888889,5961.712,6408.536181818182,8022.736,6046.6444846153845,7193.993,6482.21442,61.0,24.941176470588236
1977555,2016-01-18,45,Produce,5949.862,0,28.715,0.0,0.0,0.0,0.0,0.0,0.0,0.0,0.0,0.0,0.0,0.0,18,0,1,2016,10393.777,6806.06,8887.904142857142,5358.769,7337.949944444444,4870.371,6558.650727272727,9040.804,6018.5353076923075,9303.1045,6631.147153333334,27.0,22.941176470588236
1979337,2016-01-19,45,Produce,4937.316,2,28.47,0.0,0.0,0.0,0.0,0.0,0.0,0.0,0.0,0.0,0.0,0.0,19,1,1,2016,11694.46,6774.996,8350.679142857143,6343.196,7286.655055555555,7862.945,6756.69190909091,5237.791,6260.016592307692,6294.137,6420.033686666667,2.0,20.764705882352942
1981119,2016-01-20,45,Produce,8824.846,217,26.68,0.0,0.0,0.0,0.0,0.0,0.0,0.0,0.0,0.0,0.0,0.0,20,2,1,2016,8509.63,7669.788,8398.036,8204.3125,7995.026500000001,4749.774,6658.723363636364,4881.42,6369.210823076923,5065.828,6375.467600000001,3.0,19.0
1982901,2016-01-21,45,Produce,4510.786,0,29.55,0.0,0.0,0.0,0.0,0.0,0.0,0.0,0.0,0.0,0.0,0.0,21,3,1,2016,6339.011,11123.898,8991.145428571428,9855.401,8556.3535,5679.899,6745.332,7789.214,6114.63566923077,7851.2188,6562.1164,8.0,19.294117647058822
1984683,2016-01-22,45,Produce,6071.501,0,32.07,0.0,0.0,0.0,0.0,0.0,0.0,0.0,0.0,0.0,0.0,0.0,22,4,1,2016,9361.064,8475.039,9234.512571428571,7990.891,8444.542055555556,7748.065,6183.270363636364,4270.037,6294.209284615385,4197.467,6320.846933333333,6.0,21.705882352941178
1986465,2016-01-23,45,Produce,8185.711,0,31.483333333333334,0.0,0.0,0.0,0.0,0.0,0.0,0.0,0.0,0.0,0.0,0.0,23,5,1,2016,5360.354,10393.777,9172.229000000001,8407.722,8605.352166666667,9310.615,6093.757909090909,5347.724,6183.1830538461545,5806.163,6386.428333333332,39.0,24.705882352941178
1988247,2016-01-24,45,Produce,9932.225,0,30.896666666666665,0.0,0.0,0.0,0.0,0.0,0.0,0.0,0.0,0.0,0.0,0.0,24,6,1,2016,6509.122,11694.46,9413.839857142857,12235.614,8653.329944444444,5780.274,6322.935545454545,7544.2207,5918.245746153845,6611.959,6507.763133333333,60.0,25.470588235294116
1990029,2016-01-25,45,Produce,5812.868,0,30.31,0.0,0.0,0.0,0.0,0.0,0.0,0.0,0.0,0.0,0.0,0.0,25,0,1,2016,8895.331,8509.63,8590.476428571428,10062.279,8593.938333333334,4526.866,6517.949454545454,8596.1,5720.416823076923,8869.929,6624.7876,36.0,24.823529411764707
1991811,2016-01-26,45,Produce,4847.394,0,29.54,0.0,0.0,0.0,0.0,0.0,0.0,0.0,0.0,0.0,0.0,0.0,26,1,1,2016,10414.945,6339.011,8309.631142857144,7542.694,8734.882444444444,8005.477,6659.386363636364,5216.376,5861.933976923076,5777.705,6499.3161666666665,3.0,21.470588235294116
1993593,2016-01-27,45,Produce,7880.131,216,32.32,0.0,0.0,0.0,0.0,0.0,0.0,0.0,0.0,0.0,0.0,0.0,27,2,1,2016,5513.63,9361.064,8095.5674285714285,6806.06,8788.676666666668,3519.976,6661.035181818182,4096.34,6021.2159769230775,4946.3857,6447.109033333333,8.0,20.352941176470587
1995375,2016-01-28,45,Produce,4420.405,0,33.21,0.0,0.0,0.0,0.0,0.0,0.0,0.0,0.0,0.0,0.0,0.0,28,3,1,2016,5493.064,5360.354,7912.779571428572,6774.996,9009.349444444444,4977.075,6759.923181818182,6479.125,6086.44566923077,7546.983,6678.954766666666,4.0,20.705882352941178
1997157,2016-01-29,45,Produce,5837.289,0,33.66,0.0,0.0,0.0,0.0,0.0,0.0,0.0,0.0,0.0,0.0,0.0,29,4,1,2016,7768.771,6509.122,7484.779571428572,7669.788,8949.221222222222,7391.325,6363.569818181818,3859.492,6477.490438461538,4216.504,6464.001713333333,12.0,21.941176470588236
1998939,2016-01-30,45,Produce,8772.768,0,32.98,0.0,0.0,0.0,0.0,0.0,0.0,0.0,0.0,0.0,0.0,0.0,30,5,1,2016,4581.225,8895.331,7363.929999999999,11123.898,8776.704666666667,10008.098,6379.356,4578.551,6432.311053846154,5721.817,6556.475313333333,45.0,24.764705882352942
2000721,2016-01-31,45,Produce,10596.8125,0,32.3,0.0,0.0,0.0,0.0,0.0,0.0,0.0,0.0,0.0,0.0,0.0,31,6,1,2016,6053.025,10414.945,7136.459571428571,8475.039,8642.962111111112,6305.58,6677.706636363635,6469.028,6258.5615384615385,8213.253,6614.033313333333,59.0,25.41176470588235
2002503,2016-02-01,45,Produce,7434.268,0,31.62,0.0,0.0,0.0,0.0,0.0,0.0,0.0,0.0,0.0,0.0,0.0,1,0,2,2016,8659.165,5513.63,7025.155428571429,10393.777,8926.851444444444,5698.036,6858.698727272727,7077.514,6212.866,8949.36,6594.189313333333,33.0,23.41176470588235
2004285,2016-02-02,45,Produce,5342.602,0,29.9,0.0,0.0,0.0,0.0,0.0,0.0,0.0,0.0,0.0,0.0,0.0,2,1,2,2016,10114.334,5493.064,6959.9987142857135,11694.46,8769.669,8835.833,7127.95090909091,6952.086,6526.101307692308,7421.033,6537.816446666667,16.0,20.294117647058822
2006067,2016-02-03,45,Produce,8647.376,216,32.29,0.0,0.0,0.0,0.0,0.0,0.0,0.0,0.0,0.0,0.0,0.0,3,2,2,2016,5949.862,7768.771,6926.260714285714,8509.63,8640.70611111111,4950.728,7121.14209090909,8637.2,6610.710923076923,5511.03,6540.971046666667,4.0,18.941176470588236
2007849,2016-02-04,45,Produce,4370.643,0,31.63,0.0,0.0,0.0,0.0,0.0,0.0,0.0,0.0,0.0,0.0,0.0,4,3,2,2016,4937.316,4581.225,6883.316285714286,6339.011,8393.087555555556,5953.922,7227.979727272727,9353.619,6477.412307692308,8543.514,6772.774533333333,8.0,19.294117647058822
2009631,2016-02-05,45,Produce,6046.649,1,30.86,0.0,0.0,0.0,0.0,0.0,0.0,0.0,0.0,0.0,0.0,0.0,5,4,2,2016,8824.846,6053.025,6945.635142857143,9361.064,8608.632666666665,7808.723,6737.811818181817,4760.392,6769.709461538461,4626.923,6637.525533333333,8.0,21.294117647058822
2011413,2016-02-06,45,Produce,7700.807,0,30.476666666666667,0.0,0.0,0.0,0.0,0.0,0.0,0.0,0.0,0.0,0.0,0.0,6,5,2,2016,4510.786,8659.165,6866.242571428572,5360.354,8066.39411111111,9996.39,6673.287727272726,5285.477,6694.576384615385,5584.571,6823.055000000001,24.0,26.058823529411764
2013195,2016-02-07,45,Produce,6430.198,0,30.093333333333334,0.0,0.0,0.0,0.0,0.0,0.0,0.0,0.0,0.0,0.0,0.0,7,6,2,2016,6071.501,10114.334,7017.110428571429,6509.122,7377.350111111111,6481.75,6857.26990909091,8002.058,6628.075769230769,6669.533,6870.728066666667,56.0,29.647058823529413
2014977,2016-02-08,45,Produce,7111.8022,0,29.71,0.0,0.0,0.0,0.0,0.0,1.0,0.0,0.0,0.0,0.0,0.0,8,0,2,2016,8185.711,5949.862,7007.0477142857135,8895.331,7295.032444444445,4902.178,6860.319272727272,9288.435,6626.173307692308,6314.299,6829.906133333334,17.0,30.647058823529413
2016759,2016-02-09,45,Produce,8007.43,0,27.96,0.0,0.0,0.0,0.0,0.0,1.0,0.0,0.0,0.0,0.0,0.0,9,1,2,2016,9932.225,4937.316,7009.687142857144,10414.945,7099.722888888889,8566.539,6943.005000000001,5196.265,6837.7554615384615,8024.336,6611.877066666667,5.0,29.764705882352942
2018541,2016-02-10,45,Produce,8520.111,216,27.54,0.0,0.0,0.0,0.0,0.0,0.0,0.0,0.0,0.0,0.0,0.0,10,2,2,2016,5812.868,8824.846,6942.050857142857,5513.63,6732.163,4616.251,6857.224454545454,4746.243,6631.948692307692,5825.024,6402.9838666666665,7.0,28.235294117647058
2020323,2016-02-11,45,Produce,4859.56,0,26.19,0.0,0.0,0.0,0.0,0.0,0.0,0.0,0.0,0.0,0.0,0.0,11,3,2,2016,4847.394,4510.786,6916.035285714286,5493.064,7098.6975555555555,5595.815,6924.522090909091,7659.355,6287.083461538461,8423.438,6490.872,13.0,27.88235294117647
2022105,2016-02-12,45,Produce,6371.917,0,29.32,0.0,0.0,0.0,0.0,0.0,0.0,0.0,0.0,0.0,0.0,0.0,12,4,2,2016,7880.131,6071.501,6896.464714285714,7768.771,7499.276666666668,7721.84,6502.920181818182,3601.821,6525.741384615385,5518.248,6218.988733333334,9.0,29.294117647058822
2023887,2016-02-13,45,Produce,7340.09,0,29.2525,0.0,0.0,0.0,0.0,0.0,0.0,0.0,0.0,0.0,0.0,0.0,13,5,2,2016,4420.405,8185.711,6883.618714285714,4581.225,7172.002333333334,8869.376,6490.324363636363,5604.52,6484.533461538462,6999.446,6272.3728,42.0,31.705882352941178
2025669,2016-02-14,45,Produce,8619.5625,0,29.185000000000002,0.0,0.0,0.0,0.0,0.0,0.0,0.0,0.0,0.0,0.0,0.0,14,6,2,2016,5837.289,9932.225,6748.659428571429,6053.025,6563.376888888889,5860.271,6790.518409090909,7052.782,6305.905846153846,6436.913,6368.4178,85.0,33.0
2027451,2016-02-15,45,Produce,6488.822,0,29.1175,0.0,0.0,0.0,0.0,0.0,0.0,0.0,0.0,0.0,0.0,0.0,15,0,2,2016,8772.768,5812.868,6735.747857142857,8659.165,6931.289777777778,5010.336,6907.687681818181,9702.654,6187.415846153846,7600.924,6425.708533333334,73.0,31.764705882352942
2029233,2016-02-16,45,Produce,5449.819,0,29.05,0.0,0.0,0.0,0.0,0.0,0.0,0.0,0.0,0.0,0.0,0.0,16,1,2,2016,10596.8125,4847.394,6702.289,10114.334,6822.147777777778,8548.997,7214.473136363636,5961.712,6503.904307692307,5678.924,6375.1678,62.0,28.88235294117647
2031015,2016-02-17,45,Produce,9262.341,211,30.68,0.0,0.0,0.0,0.0,0.0,0.0,0.0,0.0,0.0,0.0,0.0,17,2,2,2016,7434.268,7880.131,6786.154285714286,5949.862,6633.562222222223,5358.769,7470.101045454546,4870.371,6583.4451538461535,4287.635,6146.385933333333,44.0,28.0
2032797,2016-02-18,45,Produce,4428.107,0,30.77,0.0,0.0,0.0,0.0,0.0,0.0,0.0,0.0,0.0,0.0,0.0,18,3,2,2016,5342.602,4420.405,6881.095357142856,4937.316,7034.060666666667,6343.196,7880.444136363635,7862.945,6342.484461538463,6829.352,6207.348466666667,7.0,28.294117647058822
2034579,2016-02-19,45,Produce,6295.183,0,29.59,0.0,0.0,0.0,0.0,0.0,0.0,0.0,0.0,0.0,0.0,0.0,19,4,2,2016,8647.376,5837.289,7112.7239285714295,8824.846,7465.082888888889,8204.3125,7988.889863636363,4749.774,6681.227230769232,4465.265,5907.148133333333,10.0,29.529411764705884
2036361,2016-02-20,45,Produce,8113.9,0,30.183333333333334,0.0,0.0,0.0,0.0,0.0,0.0,0.0,0.0,0.0,0.0,0.0,20,5,2,2016,4370.643,8772.768,7183.467928571429,4510.786,7148.827666666667,9855.401,8141.837409090908,5679.899,6520.877692307693,5427.684,5932.744266666667,28.0,32.64705882352941
2038143,2016-02-21,45,Produce,10382.716,0,30.776666666666667,0.0,0.0,0.0,0.0,0.0,0.0,0.0,0.0,0.0,0.0,0.0,21,6,2,2016,6046.649,10596.8125,7293.074357142857,6071.501,6563.612111111111,7990.891,8305.085045454545,7748.065,6361.207923076922,7025.246,5930.515266666666,49.0,34.470588235294116
2039925,2016-02-22,45,Produce,5653.8022,0,31.37,0.0,0.0,0.0,0.0,0.0,0.0,0.0,0.0,0.0,0.0,0.0,22,0,2,2016,7700.807,7434.268,7285.965499999999,8185.711,6778.086444444444,8407.722,8143.812227272728,9310.615,6183.4133846153845,7528.894,6094.361733333334,30.0,32.294117647058826
2041707,2016-02-23,45,Produce,4919.093,0,31.84,0.0,0.0,0.0,0.0,0.0,0.0,0.0,0.0,0.0,0.0,0.0,23,1,2,2016,6430.198,5342.602,7315.874071428571,9932.225,6720.651888888889,12235.614,8353.904863636364,5780.274,6494.673846153847,5556.188,5995.539866666668,3.0,27.352941176470587
2043489,2016-02-24,45,Produce,7738.316,209,30.35,0.0,0.0,0.0,0.0,0.0,0.0,0.0,0.0,0.0,0.0,0.0,24,2,2,2016,7111.8022,8647.376,7162.736785714286,5812.868,6388.7011111111115,10062.279,8788.514136363636,4526.866,6605.074538461538,4592.608,6053.353,7.0,24.235294117647058
2045271,2016-02-25,45,Produce,4628.608,0,31.4,0.0,0.0,0.0,0.0,0.0,0.0,0.0,0.0,0.0,0.0,0.0,25,3,2,2016,8007.43,4370.643,6567.506142857143,4847.394,6862.254666666667,7542.694,8813.125636363637,8005.477,6438.543076923077,6739.462,6351.7735999999995,2.0,21.176470588235293
2047053,2016-02-26,45,Produce,6019.5728,0,31.65,0.0,0.0,0.0,0.0,0.0,0.0,0.0,0.0,0.0,0.0,0.0,26,4,2,2016,8520.111,6046.649,6521.4396,7880.131,7365.067055555555,6806.06,8862.068909090909,3519.976,6752.855307692308,3920.433,6228.272266666667,10.0,20.41176470588235
2048835,2016-02-27,45,Produce,8935.674,0,32.013333333333335,0.0,0.0,0.0,0.0,0.0,0.0,0.0,0.0,0.0,0.0,0.0,27,5,2,2016,4859.56,7700.807,6902.129314285713,4420.405,7281.573388888889,6774.996,9198.757,4977.075,6696.7652307692315,5902.19,6321.053913333333,28.0,24.529411764705884
2050617,2016-02-28,45,Produce,10103.068,0,32.376666666666665,0.0,0.0,0.0,0.0,0.0,0.0,0.0,0.0,0.0,0.0,0.0,28,6,2,2016,6371.917,6430.198,6883.948600000001,5837.289,6771.615277777778,7669.788,9208.021363636364,7391.325,6558.75423076923,6966.011,6505.801346666666,66.0,27.470588235294116
2052399,2016-02-29,45,Produce,6165.797,0,32.74,0.0,0.0,0.0,0.0,0.0,0.0,0.0,0.0,0.0,0.0,0.0,29,0,2,2016,7340.09,7111.8022,6953.793885714285,8772.768,7086.560611111111,11123.898,8671.966545454545,10008.098,6443.224076923077,8894.61,6627.764279999999,40.0,26.0
2054181,2016-03-01,45,Produce,6346.836,0,34.39,0.0,0.0,0.0,0.0,0.0,0.0,0.0,0.0,0.0,0.0,0.0,1,1,3,2016,8619.5625,8007.43,7000.260742857143,10596.8125,7033.588277777778,8475.039,8608.219727272728,6305.58,6767.5406923076935,6118.596,6506.14928,5.0,23.294117647058822
2055963,2016-03-02,45,Produce,8965.6455,213,34.57,0.0,0.0,0.0,0.0,1.0,0.0,0.0,0.0,0.0,0.0,0.0,2,2,3,2016,6488.822,8520.111,6948.729742857143,7434.268,6829.868055555556,10393.777,8409.825181818182,5698.036,6917.916384615384,6546.121,6402.814946666666,1.0,22.176470588235293
2057745,2016-03-03,45,Produce,4966.738,0,34.56,0.0,0.0,0.0,0.0,0.0,0.0,0.0,0.0,0.0,0.0,0.0,3,3,3,2016,5449.819,4859.56,7261.496100000001,5342.602,7194.357166666667,11694.46,8382.830818181817,8835.833,6679.201076923077,8763.944,6569.401746666667,20.0,22.705882352941178
2059527,2016-03-04,45,Produce,6574.085,0,35.91,0.0,0.0,0.0,0.0,0.0,0.0,0.0,0.0,0.0,0.0,0.0,4,4,3,2016,9262.341,6371.917,7172.49892857143,8647.376,7260.235944444444,8509.63,8575.588545454544,4950.728,7067.39823076923,4976.832,6385.730079999999,10.0,24.0
2061309,2016-03-05,45,Produce,8238.218,0,36.57333333333333,0.0,0.0,0.0,0.0,0.0,0.0,0.0,0.0,0.0,0.0,0.0,5,5,3,2016,4428.107,7340.09,6807.125928571428,4370.643,7075.6841888888885,6339.011,8825.148272727272,5953.922,7039.642538461539,5856.9897,6481.2692799999995,31.0,27.176470588235293
2063091,2016-03-06,45,Produce,10701.734,0,37.236666666666665,0.0,0.0,0.0,0.0,0.0,0.0,0.0,0.0,0.0,0.0,0.0,6,6,3,2016,6295.183,8619.5625,6913.158785714286,6046.649,6787.975022222223,9361.064,8315.12390909091,7808.723,6901.526384615385,8198.8955,6595.063080000001,77.0,28.41176470588235
2064873,2016-03-07,45,Produce,5718.684,0,37.9,0.0,0.0,0.0,0.0,0.0,0.0,0.0,0.0,0.0,0.0,0.0,7,0,3,2016,8113.9,6488.822,6851.522642857143,7700.807,6908.624244444445,5360.354,8044.035272727273,9996.39,6725.660384615384,8854.69,6757.331546666667,60.0,26.88235294117647
2066655,2016-03-08,45,Produce,4546.71,0,36.67,0.0,0.0,0.0,0.0,0.0,0.0,0.0,0.0,0.0,0.0,0.0,8,1,3,2016,10382.716,5449.819,6840.560642857143,6430.198,6854.952911111111,6509.122,7805.398363636364,6481.75,6922.875461538462,5704.669,6450.16948,3.0,23.294117647058822
2068437,2016-03-09,45,Produce,7751.782,209,37.62,0.0,0.0,0.0,0.0,0.0,0.0,0.0,0.0,0.0,0.0,0.0,9,2,3,2016,5653.8022,9262.341,6951.104928571428,7111.8022,6602.124133333334,8895.331,7158.740636363636,4902.178,6935.355076923077,4006.173,6382.075813333333,3.0,21.11764705882353
2070219,2016-03-10,45,Produce,4114.531,0,37.77,0.0,0.0,0.0,0.0,0.0,0.0,0.0,0.0,0.0,0.0,0.0,10,3,3,2016,4919.093,4428.107,7202.9839999999995,8007.43,6932.062688888889,10414.945,6935.412909090909,8566.539,6641.086076923078,7091.41,6475.652413333333,11.0,21.58823529411765
2072001,2016-03-11,45,Produce,6080.408,0,38.51,0.0,0.0,0.0,0.0,0.0,0.0,0.0,0.0,0.0,0.0,0.0,11,4,3,2016,7738.316,6295.183,7083.695457142857,8520.111,7217.941966666667,5513.63,7146.336000000001,4616.251,6917.875999999999,3984.387,6155.999946666667,12.0,23.705882352941178
2073783,2016-03-12,45,Produce,7573.991,0,38.07333333333333,0.0,0.0,0.0,0.0,0.0,0.0,0.0,0.0,0.0,0.0,0.0,12,5,3,2016,4628.608,8113.9,7007.877457142858,4859.56,7083.276966666667,5493.064,7214.815090909092,5595.815,6872.095,5353.521,6202.80228,29.0,25.529411764705884
2075565,2016-03-13,45,Produce,9182.575,0,37.63666666666667,0.0,0.0,0.0,0.0,0.0,0.0,0.0,0.0,0.0,0.0,0.0,13,6,3,2016,6019.5728,10382.716,6790.1596,6371.917,6974.345966666667,7768.771,7268.406727272727,7721.84,6759.362153846153,7609.097,6314.765366666666,56.0,26.647058823529413
2077347,2016-03-14,45,Produce,5452.258,0,37.2,0.0,0.0,0.0,0.0,0.0,0.0,0.0,0.0,0.0,0.0,0.0,14,0,3,2016,8935.674,5653.8022,6818.8026,7340.09,7213.294722222222,4581.225,7125.515272727273,8869.376,6621.510038461538,9400.038,6356.750533333334,31.0,24.941176470588236
2079129,2016-03-15,45,Produce,4840.592,0,36.32,0.0,0.0,0.0,0.0,0.0,0.0,0.0,0.0,0.0,0.0,0.0,15,1,3,2016,10103.068,4919.093,6779.429714285715,8619.5625,6815.592166666667,6053.025,7119.107545454546,5860.271,6881.021653846155,4287.179,6150.300666666666,2.0,21.0
2080911,2016-03-16,45,Produce,9057.169,214,38.43,0.0,0.0,0.0,0.0,0.0,0.0,0.0,0.0,0.0,0.0,0.0,16,2,3,2016,6165.797,7738.316,6896.826,6488.822,6568.377944444444,8659.165,6582.365818181818,5010.336,7118.61496153846,5097.191,6071.048666666667,5.0,17.764705882352942
2082693,2016-03-17,45,Produce,4389.867,1,40.17,0.0,0.0,0.0,0.0,0.0,0.0,0.0,0.0,0.0,0.0,0.0,17,3,3,2016,6346.836,4628.608,6856.876285714286,5449.819,6929.971277777779,10114.334,6633.081363636363,8548.997,7106.39826923077,7949.77,6348.003266666667,3.0,17.941176470588236
2084475,2016-03-18,45,Produce,5816.453,0,39.47,0.0,0.0,0.0,0.0,0.0,0.0,0.0,0.0,0.0,0.0,0.0,18,4,3,2016,8965.6455,6019.5728,6930.0184,9262.341,7375.615611111111,5949.862,6877.867454545455,5358.769,7692.503115384616,3969.157,6155.497,13.0,19.176470588235293
2086257,2016-03-19,45,Produce,8175.072,0,39.61666666666667,0.0,0.0,0.0,0.0,0.0,0.0,0.0,0.0,0.0,0.0,0.0,19,5,3,2016,4966.738,8935.674,7133.981685714286,4428.107,7188.2503,4937.316,7074.5450909090905,6343.196,8036.077269230769,5678.867,6238.937133333334,37.0,22.0
2088039,2016-03-20,45,Produce,8876.855,0,39.76333333333333,0.0,0.0,0.0,0.0,0.0,0.0,0.0,0.0,0.0,0.0,0.0,20,6,3,2016,6574.085,10103.068,7309.314471428572,6295.183,6777.087022222222,8824.846,7186.512636363636,8204.3125,8022.296807692308,7536.436,6351.493466666667,51.0,22.176470588235293
2089821,2016-03-21,45,Produce,5842.958,0,39.91,0.0,0.0,0.0,0.0,0.0,0.0,0.0,0.0,0.0,0.0,0.0,21,0,3,2016,8238.218,6165.797,7357.618757142858,8113.9,6915.919688888888,4510.786,7076.909818181818,9855.401,7863.580192307692,8828.673,6460.316533333333,29.0,20.647058823529413
2091603,2016-03-22,45,Produce,5149.578,0,41.45,0.0,0.0,0.0,0.0,0.0,0.0,0.0,0.0,0.0,0.0,0.0,22,1,3,2016,10701.734,6346.836,7436.834785714286,10382.716,6824.674022222222,6071.501,7006.088545454546,7990.891,7933.943653846154,5757.942,6203.838,2.0,17.470588235294116
2093385,2016-03-23,45,Produce,8266.553,211,38.28,0.0,0.0,0.0,0.0,0.0,0.0,0.0,0.0,0.0,0.0,0.0,23,2,3,2016,5718.684,8965.6455,7337.198214285715,5653.8022,6464.366444444445,8185.711,6488.458636363637,8407.722,8138.516884615385,4515.889,6205.402133333334,10.0,15.882352941176471
2095167,2016-03-24,45,Produce,5540.227,0,38.14,0.0,0.0,0.0,0.0,0.0,0.0,0.0,0.0,0.0,0.0,0.0,24,3,3,2016,4546.71,4966.738,7422.721928571429,4919.093,6965.207222222222,9932.225,6478.224727272726,12235.614,8336.586192307692,8160.492,6389.746866666666,5.0,16.941176470588236
2096949,2016-03-25,45,Produce,5500.697,0,38.1025,0.0,0.0,0.0,0.0,0.0,1.0,0.0,0.0,0.0,0.0,0.0,25,4,3,2016,7751.782,6574.085,7358.848642857143,7738.316,7388.305555555556,5812.868,6826.902181818182,10062.279,8576.29926923077,4203.816,6217.888933333334,6.0,18.88235294117647
2098731,2016-03-26,45,Produce,7412.149,0,38.065,0.0,0.0,0.0,0.0,0.0,0.0,0.0,0.0,0.0,0.0,0.0,26,5,3,2016,4114.531,8238.218,7101.687785714285,4628.608,7171.849666666666,4847.394,6987.990045454546,7542.694,8887.882423076924,5235.989,6407.167266666667,24.0,21.470588235294116
2100513,2016-03-27,45,Produce,8332.472,0,38.0275,0.0,0.0,0.0,0.0,0.0,0.0,0.0,0.0,0.0,0.0,0.0,27,6,3,2016,6080.408,10701.734,6928.278714285714,6019.5728,6723.418555555556,7880.131,7253.761136363636,6806.06,9156.355307692309,7041.866,6616.7674,59.0,22.235294117647058
2102295,2016-03-28,45,Produce,5768.975,0,37.99,0.0,0.0,0.0,0.0,0.0,0.0,0.0,0.0,0.0,0.0,0.0,28,0,3,2016,7573.991,5718.684,6806.534857142857,8935.674,7091.401144444444,4420.405,7187.497590909092,6774.996,9052.834461538461,9241.443,6770.056333333333,15.0,20.235294117647058
2104077,2016-03-29,45,Produce,4521.813,0,36.91,0.0,0.0,0.0,0.0,0.0,0.0,0.0,0.0,0.0,0.0,0.0,29,1,3,2016,9182.575,4546.71,6736.009571428572,10103.068,7096.695033333333,5837.289,7229.467136363636,7669.788,8925.76676923077,5552.86,6585.1406,3.0,17.352941176470587
2105859,2016-03-30,45,Produce,7803.335,215,36.91,0.0,0.0,0.0,0.0,0.0,0.0,0.0,0.0,0.0,0.0,0.0,30,2,3,2016,5452.258,7751.782,6641.12,6165.797,6967.336033333334,8772.768,6723.868772727274,11123.898,8999.100769230768,4310.641,6516.3043333333335,2.0,16.529411764705884
2107641,2016-03-31,45,Produce,4582.111,0,36.94,0.0,0.0,0.0,0.0,0.0,0.0,0.0,0.0,0.0,0.0,0.0,31,3,3,2016,4840.592,4114.531,6424.097285714286,6346.836,7368.403811111111,10596.8125,6745.121590909091,8475.039,8470.234615384614,7862.362,6699.446800000001,4.0,16.88235294117647
2109423,2016-04-01,45,Produce,6750.453,0,35.36,0.0,0.0,0.0,0.0,0.0,0.0,1.0,0.0,0.0,0.0,0.0,1,4,4,2016,9057.169,6080.408,6386.0364285714295,8965.6455,7888.643944444445,7434.268,7004.522772727272,10393.777,8196.914846153846,5371.901,6412.437266666667,20.0,18.470588235294116
2111205,2016-04-02,45,Produce,9272.645,0,35.00666666666667,0.0,0.0,0.0,0.0,0.0,0.0,0.0,0.0,0.0,0.0,0.0,2,5,4,2016,4389.867,7573.991,6428.019571428572,4966.738,7531.200611111111,5342.602,6872.710681818181,11694.46,8300.963846153845,6808.332,6608.245599999999,38.0,22.294117647058822
2112987,2016-04-03,45,Produce,11557.816,0,34.65333333333333,0.0,0.0,0.0,0.0,0.0,0.0,0.0,0.0,0.0,0.0,0.0,3,6,4,2016,5816.453,9182.575,6614.503428571429,6574.085,6913.8275,8647.376,7117.383154545454,8509.63,8578.570384615385,8822.869,6715.1448666666665,47.0,24.352941176470587
2114769,2016-04-04,45,Produce,6121.97,0,34.3,0.0,0.0,0.0,0.0,0.0,0.0,0.0,0.0,0.0,0.0,0.0,4,0,4,2016,8175.072,5452.258,6653.837142857143,8238.218,7090.048055555556,4370.643,7314.6687,6339.011,8481.542230769232,9835.77,6772.9964666666665,26.0,23.176470588235293
2116551,2016-04-05,45,Produce,4875.328,0,34.52,0.0,0.0,0.0,0.0,0.0,0.0,0.0,0.0,0.0,0.0,0.0,5,1,4,2016,8876.855,4840.592,6616.129285714285,10701.734,6842.014166666667,6046.649,7291.699881818183,9361.064,8314.101923076923,6054.937,6520.6898200000005,3.0,19.88235294117647
2118333,2016-04-06,45,Produce,8042.289,209,37.74,0.0,0.0,0.0,0.0,0.0,0.0,0.0,0.0,0.0,0.0,0.0,6,2,4,2016,5842.958,9057.169,6701.9980000000005,5718.684,6521.432222222223,7700.807,6770.131472727273,5360.354,8056.0152307692315,4725.398,6403.622553333334,2.0,19.235294117647058
2120115,2016-04-07,45,Produce,4157.314,0,37.3,0.0,0.0,0.0,0.0,0.0,0.0,0.0,0.0,0.0,0.0,0.0,7,3,4,2016,5149.578,4389.867,6658.323714285715,4546.71,6811.1269999999995,6430.198,6673.554109090909,6509.122,7756.491076923076,7263.026,6609.967619999999,15.0,19.352941176470587
2121897,2016-04-08,45,Produce,5754.85,0,39.74,0.0,0.0,0.0,0.0,0.0,0.0,0.0,0.0,0.0,0.0,0.0,8,4,4,2016,8266.553,5816.453,6714.138,7751.782,7100.959222222223,7111.8022,6855.143927272727,8895.331,7422.587076923077,3855.349,6362.121353333334,8.0,21.294117647058822
2123679,2016-04-09,45,Produce,7105.834,0,39.980000000000004,0.0,0.0,0.0,0.0,0.0,0.0,0.0,0.0,0.0,0.0,0.0,9,5,4,2016,5540.227,8175.072,6758.278857142858,4114.531,6791.408111111112,8007.43,6852.615427272728,10414.945,7189.102846153846,7140.941,6357.516820000001,37.0,24.705882352941178
2125461,2016-04-10,45,Produce,10008.958,0,40.22,0.0,0.0,0.0,0.0,0.0,0.0,0.0,0.0,0.0,0.0,0.0,10,6,4,2016,5500.697,8876.855,6645.3337142857135,6080.408,6140.1701111111115,8520.111,7045.177154545454,5513.63,7312.541615384615,6839.478,6438.477086666667,70.0,25.41176470588235
2127243,2016-04-11,45,Produce,5383.848,0,40.46,0.0,0.0,0.0,0.0,0.0,0.0,0.0,0.0,0.0,0.0,0.0,11,0,4,2016,7412.149,5842.958,6809.670857142858,7573.991,6511.112888888889,4859.56,6990.919881818182,5493.064,7282.607076923076,7909.64,6453.006086666666,41.0,23.41176470588235
2129025,2016-04-12,45,Produce,4270.132,0,42.12,0.0,0.0,0.0,0.0,1.0,0.0,0.0,0.0,0.0,0.0,0.0,12,1,4,2016,8332.472,5149.578,6764.562857142858,9182.575,6493.685888888889,6371.917,7132.877518181819,7768.771,6942.318769230769,5456.8433,6146.474153333334,4.0,20.705882352941178
2130807,2016-04-13,45,Produce,7003.183,203,41.7,0.0,0.0,0.0,0.0,0.0,0.0,0.0,0.0,0.0,0.0,0.0,13,2,4,2016,5768.975,8266.553,6655.573857142857,5452.258,6278.649333333334,7340.09,6950.869245454546,4581.225,7208.818153846155,3796.851,6068.239686666667,3.0,19.647058823529413
2132589,2016-04-14,45,Produce,4324.179,0,41.45,0.0,0.0,0.0,0.0,1.0,0.0,0.0,0.0,0.0,0.0,0.0,14,3,4,2016,4521.813,5540.227,6577.804857142857,4840.592,6729.820555555556,8619.5625,6876.631136363637,6053.025,7055.1,7405.817,6272.494086666667,4.0,19.823529411764707
2134371,2016-04-15,45,Produce,5037.246,0,40.4,0.0,0.0,0.0,0.0,0.0,0.0,0.0,0.0,0.0,0.0,0.0,15,4,4,2016,7803.335,5500.697,6567.235857142857,9057.169,7040.536888888888,6488.822,6886.310227272727,8659.165,6837.882307692308,4144.668,6072.961486666667,5.0,21.647058823529413
2136153,2016-04-16,45,Produce,6482.515,2,40.18,0.0,0.0,0.0,1.0,0.0,0.0,0.0,0.0,0.0,0.0,0.0,16,5,4,2016,4582.111,7412.149,6477.555142857143,4389.867,6848.199888888889,5449.819,7055.637954545455,10114.334,6666.40276923077,5302.833,6172.453153333333,35.0,24.0
2137935,2016-04-17,45,Produce,7202.579,2,39.96,0.0,0.0,0.0,1.0,0.0,0.0,0.0,0.0,0.0,0.0,0.0,17,6,4,2016,6750.453,8332.472,6411.381142857143,5816.453,6400.0891111111105,9262.341,7127.841790909092,5949.862,7006.2946923076925,8022.736,6199.338466666667,62.0,26.529411764705884
2139717,2016-04-18,45,Produce,6077.24,2,39.74,0.0,0.0,0.0,1.0,0.0,0.0,0.0,0.0,0.0,0.0,0.0,18,0,4,2016,9272.645,5768.975,6274.507428571428,8175.072,6712.788555555555,4428.107,6995.766881818182,4937.316,7030.895,9040.804,6316.4466,32.0,24.823529411764707
2141499,2016-04-19,45,Produce,4567.319,2,40.88,0.0,0.0,0.0,1.0,0.0,0.0,0.0,0.0,0.0,0.0,0.0,19,1,4,2016,11557.816,4521.813,6453.044,8876.855,6790.525777777778,6295.183,7031.969245454547,8824.846,6806.173692307692,5237.791,6136.895666666666,4.0,21.647058823529413
2143281,2016-04-20,45,Produce,7484.67,202,42.72,0.0,0.0,0.0,1.0,0.0,0.0,0.0,0.0,0.0,0.0,0.0,20,2,4,2016,6121.97,7803.335,6718.829142857144,5842.958,6395.362222222222,8113.9,6669.1552,4510.786,7059.935692307693,4881.42,6046.195446666667,1.0,20.058823529411764
2145063,2016-04-21,45,Produce,4162.374,5,43.18,0.0,0.0,0.0,1.0,1.0,0.0,0.0,0.0,0.0,0.0,0.0,21,3,4,2016,4875.328,4582.111,7179.592571428571,5149.578,6731.171333333334,10382.716,6626.496181818183,6071.501,6934.349538461538,7789.214,6225.013713333334,8.0,21.647058823529413
2146845,2016-04-22,45,Produce,5678.233,3,42.76,0.0,0.0,0.0,1.0,0.0,0.0,0.0,0.0,0.0,0.0,0.0,22,4,4,2016,8042.289,6750.453,7230.020428571429,8266.553,7010.729,5653.8022,6943.392090909092,8185.711,6717.282153846154,4270.037,5988.592046666668,6.0,27.41176470588235
2148627,2016-04-23,45,Produce,7338.765,3,42.39666666666667,0.0,0.0,0.0,1.0,0.0,0.0,0.0,0.0,0.0,0.0,0.0,23,5,4,2016,4157.314,9272.645,7280.522571428571,5540.227,6743.384888888889,4919.093,7019.821818181819,9932.225,6614.084769230769,5347.724,6017.51758,33.0,31.176470588235293
2150409,2016-04-24,45,Produce,8463.053,1,42.03333333333333,0.0,0.0,0.0,1.0,0.0,0.0,0.0,0.0,0.0,0.0,0.0,24,6,4,2016,5754.85,11557.816,7314.658857142857,5500.697,6259.491333333333,7738.316,7177.793636363636,5812.868,6971.5425000000005,7544.2207,6095.263913333333,55.0,31.941176470588236
2152191,2016-04-25,45,Produce,4940.608,1,41.67,0.0,0.0,0.0,1.0,0.0,0.0,0.0,0.0,0.0,0.0,0.0,25,0,4,2016,7105.834,6121.97,7253.973571428572,7412.149,6477.311,4628.608,7182.489363636364,4847.394,7163.61573076923,8596.1,6032.249113333333,51.0,30.0
2153973,2016-04-26,45,Produce,4190.317,1,42.52,0.0,0.0,0.0,1.0,0.0,0.0,0.0,0.0,0.0,0.0,0.0,26,1,4,2016,10008.958,4875.328,7111.744571428571,8332.472,6414.259111111111,6019.5728,7259.920772727273,7880.131,6895.750807692307,5216.376,5893.001246666668,8.0,26.529411764705884
2155755,2016-04-27,45,Produce,8230.271,207,45.29,0.0,0.0,0.0,1.0,0.0,0.0,0.0,0.0,0.0,0.0,0.0,27,2,4,2016,5383.848,8042.289,6802.200142857143,5768.975,6245.803555555555,8935.674,6767.559136363637,4420.405,7213.9500384615385,4096.34,6119.628513333333,16.0,25.352941176470587
2157537,2016-04-28,45,Produce,3612.913,1,46.03,0.0,0.0,0.0,1.0,0.0,0.0,0.0,0.0,0.0,0.0,0.0,28,3,4,2016,4270.132,4157.314,6580.934714285714,4521.813,6660.516666666666,10103.068,6851.221209090908,5837.289,7083.114807692307,6479.125,6417.775113333334,14.0,25.88235294117647
2159319,2016-04-29,45,Produce,5403.057,1,45.98,0.0,0.0,0.0,1.0,0.0,0.0,0.0,0.0,0.0,0.0,0.0,29,4,4,2016,7003.183,5754.85,6475.488714285714,7803.335,7333.529888888889,6165.797,7152.959845454546,8772.768,6918.571576923077,3859.492,6215.853646666667,31.0,30.41176470588235
2161101,2016-04-30,45,Produce,7724.338,1,45.57,0.0,0.0,0.0,1.0,0.0,0.0,0.0,0.0,0.0,0.0,0.0,30,5,4,2016,4324.179,7105.834,6389.032142857143,4582.111,7190.176666666667,6346.836,7422.361481818181,10596.8125,6746.924038461539,4578.551,6283.549646666666,101.0,40.294117647058826
2162883,2016-05-01,45,Produce,10348.575,1,45.16,0.0,0.0,0.0,1.0,0.0,1.0,0.0,0.0,0.0,0.0,0.0,1,6,5,2016,5037.246,10008.958,6240.588428571428,6750.453,6806.049555555555,8965.6455,7521.459300000001,7434.268,6794.410961538461,6469.028,6460.5052466666675,68.0,47.294117647058826
2164665,2016-05-02,45,Produce,6085.25,1,44.75,0.0,0.0,0.0,1.0,0.0,0.0,0.0,0.0,0.0,0.0,0.0,2,0,5,2016,6482.515,5383.848,6264.426285714287,9272.645,7058.64,4966.738,7387.562681818183,5342.602,6968.596207692307,7077.514,6576.7862000000005,18.0,45.529411764705884
2166447,2016-05-03,45,Produce,5025.774,1,43.65,0.0,0.0,0.0,1.0,0.0,0.0,0.0,0.0,0.0,0.0,0.0,3,1,5,2016,7202.579,4270.132,6161.9114285714295,11557.816,7018.140111111111,6574.085,7279.936136363636,8647.376,6978.3884384615385,6952.086,6350.130533333333,2.0,42.470588235294116
2168229,2016-05-04,45,Produce,8213.44,210,43.77,0.0,0.0,0.0,1.0,0.0,0.0,0.0,0.0,0.0,0.0,0.0,4,2,5,2016,6077.24,7003.183,6072.865857142858,6121.97,6790.530666666667,8238.218,6735.523681818182,4370.643,7293.7504384615395,8637.2,6318.788333333333,3.0,39.88235294117647
2170011,2016-05-05,45,Produce,4376.406,1,44.33,0.0,0.0,0.0,1.0,0.0,0.0,0.0,0.0,0.0,0.0,0.0,5,3,5,2016,4567.319,4324.179,5671.954571428571,4875.328,7070.944333333334,10701.734,6727.761045454547,6046.649,7218.540515384616,9353.619,6556.322666666666,12.0,39.94117647058823
2171793,2016-05-06,45,Produce,6870.835,1,44.58,0.0,0.0,0.0,1.0,0.0,0.0,0.0,0.0,0.0,0.0,0.0,6,4,5,2016,7484.67,5037.246,5771.010571428572,8042.289,7433.000444444445,5718.684,6839.32059090909,7700.807,7033.85966923077,4760.392,6364.502399999999,13.0,41.05882352941177
2173575,2016-05-07,45,Produce,9931.036,1,44.20333333333333,0.0,1.0,0.0,1.0,0.0,0.0,0.0,0.0,0.0,0.0,0.0,7,5,5,2016,4162.374,6482.515,5813.465857142857,4157.314,7000.911888888888,4546.71,6859.041454545455,6430.198,6783.342553846154,5285.477,6480.8376,78.0,44.529411764705884
2175357,2016-05-08,45,Produce,6726.361,1,43.82666666666667,0.0,0.0,0.0,2.0,0.0,0.0,0.0,0.0,0.0,0.0,0.0,8,6,5,2016,5678.233,7202.579,5882.249714285715,5754.85,6191.169222222223,7751.782,6903.179636363636,7111.8022,6874.519053846155,8002.058,6645.786333333334,176.0,44.411764705882355
2177139,2016-05-09,45,Produce,5849.331,1,43.45,0.0,0.0,0.0,1.0,0.0,0.0,0.0,0.0,0.0,0.0,0.0,9,0,5,2016,7338.765,6077.24,5859.134714285714,7105.834,6289.0817777777775,4114.531,6745.589363636364,8007.43,6962.689823076924,9288.435,6861.3614,125.0,38.470588235294116
2178921,2016-05-10,45,Produce,4735.269,1,44.68,0.0,0.0,0.0,1.0,0.0,0.0,0.0,0.0,0.0,0.0,0.0,10,1,5,2016,8463.053,4567.319,5950.704285714286,10008.958,6227.843,6080.408,6820.039454545456,8520.111,6716.723900000001,5196.265,6786.9746000000005,3.0,34.529411764705884
2180703,2016-05-11,45,Produce,7487.014,202,46.21,0.0,0.0,0.0,1.0,0.0,0.0,0.0,0.0,0.0,0.0,0.0,11,2,5,2016,4940.608,7484.67,6073.0257142857145,5383.848,5893.949333333334,7573.991,6246.233363636365,4859.56,7093.008361538463,4746.243,6648.1936,3.0,33.8235294117647
2182485,2016-05-12,45,Produce,4375.841,1,46.64,0.0,0.0,0.0,1.0,1.0,0.0,0.0,0.0,0.0,0.0,0.0,12,3,5,2016,4190.317,4162.374,6253.093428571429,4270.132,6152.305,9182.575,6255.121454545456,6371.917,6968.50513076923,7659.355,6596.5766,7.0,34.11764705882353
2184267,2016-05-13,45,Produce,6160.624,1,46.22,0.0,0.0,0.0,1.0,0.0,0.0,0.0,0.0,0.0,0.0,0.0,13,4,5,2016,8230.271,5678.233,6090.717428571429,7003.183,6313.163777777778,5452.258,6584.972545454546,7340.09,6860.3802076923075,3601.821,6289.6536,9.0,36.0
2186049,2016-05-14,45,Produce,7848.884,1,46.72,0.0,0.0,0.0,1.0,0.0,0.0,0.0,0.0,0.0,0.0,0.0,14,5,5,2016,3612.913,7338.765,6036.860000000001,4324.179,6198.875555555555,4840.592,6687.25190909091,8619.5625,6989.895746153847,5604.52,6350.954066666667,35.0,38.35294117647059
2187831,2016-05-15,45,Produce,9429.904,1,47.22,0.0,0.0,0.0,1.0,0.0,0.0,0.0,0.0,0.0,0.0,0.0,15,6,5,2016,5403.057,8463.053,6143.374428571428,5037.246,5594.249,9057.169,6844.381636363637,6488.822,7241.504500000001,7052.782,6515.1266000000005,73.0,39.588235294117645
2189613,2016-05-16,45,Produce,6253.457,1,47.72,0.0,0.0,0.0,1.0,0.0,0.0,0.0,0.0,0.0,0.0,0.0,16,0,5,2016,7724.338,4940.608,6064.879999999999,6482.515,5827.673666666666,4389.867,6759.760727272727,5449.819,7060.4562076923075,9702.654,6602.363733333334,29.0,35.35294117647059
2191395,2016-05-17,45,Produce,4707.895,1,48.29,0.0,0.0,0.0,0.0,0.0,0.0,0.0,0.0,0.0,0.0,0.0,17,1,5,2016,10348.575,4190.317,6025.569142857143,7202.579,5815.700555555555,5816.453,6822.720909090908,9262.341,6783.454823076923,5961.712,6368.486333333333,0.0,25.235294117647058
2193177,2016-05-18,45,Produce,8098.202,211,48.12,0.0,0.0,0.0,0.0,0.0,0.0,0.0,0.0,0.0,0.0,0.0,18,2,5,2016,6085.25,8230.271,6080.651,6077.24,5668.483888888889,8175.072,6491.5983636363635,4428.107,7004.897592307692,4870.371,6323.859733333334,1.0,18.352941176470587
2194959,2016-05-19,45,Produce,4326.712,1,48.16,0.0,0.0,0.0,0.0,0.0,0.0,0.0,0.0,0.0,0.0,0.0,19,3,5,2016,5025.774,3612.913,6350.011285714286,4567.319,6003.437888888889,8876.855,6496.001909090908,6295.183,6870.7969,7862.945,6541.142000000001,6.0,18.823529411764707
2196741,2016-05-20,45,Produce,6359.03,0,47.67,0.0,0.0,0.0,0.0,0.0,0.0,0.0,0.0,0.0,0.0,0.0,20,4,5,2016,8213.44,5403.057,6513.531571428571,7484.67,6384.083111111111,5842.958,6729.779818181818,8113.9,6769.218653846154,4749.774,6265.1834,7.0,21.235294117647058
2198523,2016-05-21,45,Produce,7773.406,0,47.82,0.0,0.0,0.0,0.0,0.0,0.0,0.0,0.0,0.0,0.0,0.0,21,5,5,2016,4376.406,7724.338,6632.882571428571,4162.374,6212.760111111111,5149.578,6663.898272727272,10382.716,6793.5349230769225,5679.899,6356.867,35.0,24.647058823529413
2200305,2016-05-22,45,Produce,9284.649,0,47.97,0.0,0.0,0.0,0.0,0.0,0.0,0.0,0.0,0.0,0.0,0.0,22,6,5,2016,6870.835,10348.575,6630.478142857144,5678.233,5878.064333333334,8266.553,6789.271727272728,5653.8022,7071.553846153846,7748.065,6475.9873333333335,52.0,25.823529411764707
2202087,2016-05-23,45,Produce,5684.126,0,48.12,0.0,0.0,0.0,0.0,0.0,0.0,0.0,0.0,0.0,0.0,0.0,23,0,5,2016,9931.036,6085.25,6739.548571428572,7338.765,6117.29,5540.227,6671.577181818181,4919.093,7126.629076923077,9310.615,6673.0084,34.0,441.74782352941173
2203869,2016-05-24,45,Produce,4460.277,3,48.04,0.0,0.0,0.0,0.0,0.0,0.0,0.0,0.0,1.0,0.0,0.0,24,1,5,2016,6726.361,5025.774,6949.231142857143,8463.053,6011.244888888888,5500.697,6637.782909090908,7738.316,6902.359461538461,5780.274,6446.5368,6.0,804.0027647058823
2205651,2016-05-25,45,Produce,7144.335,211,49.1,0.0,0.0,0.0,0.0,0.0,0.0,0.0,0.0,0.0,0.0,0.0,25,2,5,2016,5849.331,8213.44,7264.473714285714,4940.608,5779.954555555556,7412.149,6247.351636363636,4628.608,7251.400884615384,4526.866,6428.9584,4.0,1355.703294117647
2207433,2016-05-26,45,Produce,4704.377,3,49.0,0.0,0.0,0.0,0.0,0.0,0.0,0.0,0.0,0.0,0.0,0.0,26,3,5,2016,4735.269,4376.406,6747.014571428573,4190.317,6175.7283333333335,8332.472,6329.851181818181,6019.5728,7149.212807692307,8005.477,6693.322533333334,8.0,1653.7957058823529
2209215,2016-05-27,45,Produce,7832.123,4,49.36,0.0,0.0,0.0,0.0,0.0,0.0,0.0,0.0,0.0,0.0,1.0,27,4,5,2016,7487.014,6870.835,6713.311857142858,8230.271,6694.655222222222,5768.975,6704.675454545455,8935.674,7030.7654999999995,3519.976,6499.174733333333,11.0,2015.9044705882352
2210997,2016-05-28,45,Produce,7408.273,4,49.295,0.0,0.0,0.0,0.0,0.0,0.0,0.0,0.0,0.0,0.0,0.0,28,5,5,2016,4375.841,9931.036,6671.811142857143,3612.913,6555.375777777777,4521.813,7003.881181818182,10103.068,6865.804115384615,4977.075,6579.451266666667,44.0,2481.6295294117645
2212779,2016-05-29,45,Produce,8277.282,4,49.230000000000004,0.0,0.0,0.0,0.0,0.0,0.0,0.0,0.0,0.0,0.0,0.0,29,6,5,2016,6160.624,6726.361,6568.035999999999,5403.057,6173.45588888889,7803.335,7056.766909090909,6165.797,7254.106561538462,7391.325,6721.372866666667,65.0,3084.304882352941
2214561,2016-05-30,45,Produce,5976.202,3,49.165,0.0,0.0,0.0,0.0,0.0,0.0,0.0,0.0,0.0,0.0,0.0,30,0,5,2016,7848.884,5849.331,6567.955285714286,7724.338,6537.103888888889,4582.111,6999.915181818183,6346.836,7315.613561538461,10008.098,6871.2612,29.0,3449.661882352941
2216343,2016-05-31,45,Produce,6020.937,4,49.1,0.0,0.0,0.0,0.0,0.0,0.0,0.0,0.0,0.0,0.0,0.0,31,1,5,2016,9429.904,4735.269,6466.496571428572,10348.575,6557.780444444445,6750.453,7057.200636363636,8965.6455,7070.105407692308,6305.58,6682.670200000001,7105.713,3716.778705882353
2218125,2016-06-01,45,Produce,7399.378,212,49.07,0.0,0.0,0.0,0.0,0.0,0.0,0.0,0.0,0.0,0.0,0.0,1,2,6,2016,6253.457,7487.014,6169.046285714286,6085.25,6406.732,9272.645,6677.64081818182,4966.738,7310.349561538461,5698.036,6624.1304666666665,6231.334,4186.457352941176
2219907,2016-06-02,45,Produce,5028.695,4,49.14,0.0,0.0,0.0,0.0,0.0,0.0,0.0,0.0,0.0,0.0,0.0,2,3,6,2016,4707.895,4375.841,6555.266714285714,5025.774,7108.745666666667,11557.816,6676.356727272727,6574.085,7163.807884615385,8835.833,6893.441999999999,9407.909,4444.506117647058
2221689,2016-06-03,45,Produce,5903.47,3,48.69,0.0,0.0,0.0,0.0,0.0,0.0,0.0,0.0,0.0,0.0,0.0,3,4,6,2016,8098.202,6160.624,6612.999000000001,8213.44,7255.779444444445,6121.97,6911.267727272728,8238.218,6944.172038461538,4950.728,6667.4936,5067.571,4797.526588235293
2223471,2016-06-04,45,Produce,8441.621,3,49.03,0.0,0.0,0.0,0.0,0.0,0.0,0.0,0.0,0.0,0.0,0.0,4,5,6,2016,4326.712,7848.884,6609.088428571428,4376.406,7047.445333333333,4875.328,7111.778909090909,10701.734,6749.627653846154,5953.922,6805.882866666667,6156.849,5242.637588235294
2225253,2016-06-05,45,Produce,9925.462,3,49.37,0.0,0.0,0.0,0.0,0.0,0.0,0.0,0.0,0.0,0.0,0.0,5,6,6,2016,6359.03,9429.904,6696.401,6870.835,6423.744666666667,8042.289,7184.66409090909,5718.684,6981.6875,7808.723,6988.8672,7923.326,5792.870529411764
2227035,2016-06-06,45,Produce,5651.519,3,49.71,0.0,0.0,0.0,0.0,0.0,0.0,0.0,0.0,0.0,0.0,0.0,6,0,6,2016,7773.406,6253.457,6689.382571428571,9931.036,6579.496222222222,4157.314,6959.180363636363,4546.71,6912.873807692308,9996.39,7087.403933333334,10252.481,6153.858923529412
2228817,2016-06-07,45,Produce,4990.522,1,50.37,0.0,0.0,0.0,0.0,0.0,0.0,0.0,0.0,0.0,0.0,0.0,7,1,6,2016,9284.649,4707.895,6717.726285714286,6726.361,6507.281444444444,5754.85,6752.865636363636,7751.782,6595.562000000001,6481.75,6810.8821333333335,6246.069,6466.378511764706
2230599,2016-06-08,45,Produce,7833.819,212,51.23,0.0,0.0,0.0,0.0,0.0,0.0,0.0,0.0,0.0,0.0,0.0,8,2,6,2016,5684.126,8098.202,6706.943714285714,5849.331,6279.190777777778,7105.834,6095.262272727272,4114.531,6910.210538461539,4902.178,6724.532533333334,4592.986,6950.5051
2232381,2016-06-09,45,Produce,4168.803,0,50.52,0.0,0.0,0.0,0.0,0.0,0.0,0.0,0.0,0.0,0.0,0.0,9,3,6,2016,4460.277,4326.712,6686.193,4735.269,6665.0216666666665,10008.958,5996.650999999999,6080.408,6742.193769230769,8566.539,6914.5966,8018.537,6812.193276470588
2234163,2016-06-10,45,Produce,5676.36,0,49.09,0.0,0.0,0.0,0.0,0.0,0.0,0.0,0.0,0.0,0.0,0.0,10,4,6,2016,7144.335,6359.03,6604.86,7487.014,6949.362666666667,5383.848,6142.758909090909,7573.991,6555.904153846155,4616.251,6682.792333333333,4392.829,6843.6191
2235945,2016-06-11,45,Produce,7077.91,0,49.02333333333333,0.0,0.0,0.0,0.0,0.0,0.0,0.0,0.0,0.0,0.0,0.0,11,5,6,2016,4704.377,7773.406,6569.486,4375.841,6540.742777777778,4270.132,6066.421636363637,9182.575,6361.545538461539,5595.815,6775.623533333333,6005.348,6820.963158823529
2237727,2016-06-12,45,Produce,8176.293,0,48.95666666666667,0.0,0.0,0.0,0.0,0.0,0.0,0.0,0.0,0.0,0.0,0.0,12,6,6,2016,7832.123,9284.649,6433.219285714285,6160.624,6316.468777777777,7003.183,6240.960363636364,5452.258,6604.48176923077,7721.84,6925.649566666668,7574.887,6972.3487470588225
2239509,2016-06-13,45,Produce,5701.32,0,48.89,0.0,0.0,0.0,0.0,0.0,0.0,0.0,0.0,0.0,0.0,0.0,13,0,6,2016,7408.273,5684.126,6487.171428571428,7848.884,6566.343333333334,4324.179,6133.003,4840.592,6704.193153846154,8869.376,7062.094766666667,9364.96,6982.214629411764
2241291,2016-06-14,45,Produce,4065.446,0,48.49,0.0,0.0,0.0,0.0,0.0,0.0,0.0,0.0,0.0,0.0,0.0,14,1,6,2016,8277.282,4460.277,6697.613285714286,9429.904,6520.948111111112,5037.246,6167.442636363637,9057.169,6504.023615384615,5860.271,6928.394833333334,6180.8027,6822.129805882352
2243073,2016-06-15,45,Produce,7596.521,218,47.92,0.0,0.0,0.0,0.0,0.0,0.0,0.0,0.0,0.0,0.0,0.0,15,2,6,2016,5976.202,7144.335,6645.4514285714295,6253.457,6395.616555555555,6482.515,5635.935,4389.867,6823.4099230769225,5010.336,7056.792966666666,5377.833,6674.7078647058825
2244855,2016-06-16,45,Produce,4533.18,0,46.14,0.0,0.0,0.0,0.0,0.0,0.0,0.0,0.0,0.0,0.0,0.0,16,3,6,2016,6020.937,4704.377,6501.541857142857,4707.895,6773.123777777778,7202.579,5662.697272727273,5816.453,6781.857538461539,8548.997,7545.688700000001,8259.152,6567.330629411765
2246637,2016-06-17,45,Produce,6962.9062,1,48.0,0.0,0.0,0.0,0.0,0.0,0.0,0.0,0.0,0.0,0.0,0.0,17,4,6,2016,7399.378,7832.123,6543.267,8098.202,7120.237666666667,6077.24,5941.663909090909,8175.072,6622.373384615384,5358.769,7645.4047,4754.412,6651.584805882353
2248419,2016-06-18,45,Produce,8732.788,1,48.46666666666667,0.0,0.0,0.0,0.0,0.0,0.0,0.0,0.0,0.0,0.0,0.0,18,5,6,2016,5028.695,7408.273,6766.218428571429,4326.712,6879.709,4567.319,6074.379363636364,8876.855,6486.18676923077,6343.196,7840.5009,6765.573,6643.286864705883
2250201,2016-06-19,45,Produce,7132.399,1,48.93333333333333,0.0,0.0,0.0,0.0,0.0,0.0,0.0,0.0,0.0,0.0,0.0,19,6,6,2016,5903.47,8277.282,6802.6531428571425,6359.03,6327.528222222222,7484.67,6130.418363636363,5842.958,6707.741692307692,8204.3125,7921.1839,9022.758,6961.522452941176
2251983,2016-06-20,45,Produce,6194.882,1,49.4,0.0,0.0,0.0,0.0,0.0,0.0,0.0,0.0,0.0,0.0,0.0,20,0,6,2016,8441.621,5976.202,6848.984285714286,7773.406,6426.514666666666,4162.374,6053.4248181818175,5149.578,6779.155769230769,9855.401,7858.060966666667,7641.126,6953.446511764706
2253765,2016-06-21,45,Produce,4976.49,1,48.95,0.0,0.0,0.0,0.0,0.0,0.0,0.0,0.0,0.0,0.0,0.0,21,1,6,2016,9925.462,6020.937,6573.462428571429,9284.649,6426.123777777778,5678.233,6212.311727272728,8266.553,6430.28223076923,7990.891,7778.088433333333,6324.569,6788.429276470589
2255547,2016-06-22,45,Produce,7344.372,210,49.16,0.0,0.0,0.0,0.0,0.0,0.0,0.0,0.0,0.0,0.0,0.0,22,2,6,2016,5651.519,7399.378,6721.083571428571,5684.126,6396.559444444444,7338.765,5885.978454545454,5540.227,6692.856692307692,8407.722,8128.9969,5201.884,6818.515158823529
2257329,2016-06-23,45,Produce,4552.898,1,49.34,0.0,0.0,0.0,0.0,1.0,0.0,0.0,0.0,0.0,0.0,0.0,23,3,6,2016,4990.522,5028.695,6956.537857142857,4460.277,6738.95511111111,8463.053,5824.689090909091,5500.697,6597.907307692308,12235.614,8359.9771,7746.308,6751.833588235294
2259111,2016-06-24,45,Produce,5296.137,1,46.7,0.0,0.0,0.0,0.0,0.0,0.0,0.0,0.0,0.0,0.0,0.0,24,4,6,2016,7833.819,5903.47,6910.154571428572,7144.335,6952.094222222222,4940.608,6111.690818181818,7412.149,6488.32123076923,10062.279,8482.962433333334,4420.656,6817.781352941176
2260893,2016-06-25,45,Produce,7834.563,1,46.4,0.0,0.0,0.0,0.0,2.0,0.0,1.0,0.0,0.0,0.0,0.0,25,5,6,2016,4168.803,8441.621,6762.952428571428,4704.377,6752.404888888888,4190.317,6372.0458181818185,8332.472,6518.766615384616,7542.694,8905.341833333334,6025.307,6773.17
2262675,2016-06-26,45,Produce,8476.214,1,46.1,0.0,0.0,0.0,0.0,0.0,0.0,0.0,0.0,0.0,0.0,0.0,26,6,6,2016,5676.36,9925.462,6825.015428571429,7832.123,6389.770222222222,8230.271,6546.852727272728,5768.975,6958.3710769230765,6806.06,9049.770766666667,7877.472,7012.029470588235
2264457,2016-06-27,45,Produce,5246.418,2,45.8,0.0,0.0,0.0,0.0,0.0,0.0,0.0,0.0,0.0,0.0,0.0,27,0,6,2016,7077.91,5651.519,6702.173714285715,7408.273,6580.353777777778,3612.913,6487.538272727273,4521.813,7033.1704615384615,6774.996,8925.417333333335,9802.834,7065.163529411765
2266239,2016-06-28,45,Produce,4198.418,0,47.93,0.0,0.0,0.0,0.0,0.0,0.0,0.0,0.0,0.0,0.0,0.0,28,1,6,2016,8176.293,4990.522,6669.729428571429,8277.282,6643.511333333333,5403.057,6567.054181818182,7803.335,6772.307000000001,7669.788,8892.461533333331,5868.057,6933.280117647058
2268021,2016-06-29,45,Produce,6867.269,212,49.85,0.0,0.0,0.0,0.0,0.0,0.0,0.0,0.0,0.0,0.0,0.0,29,2,6,2016,5701.32,7833.819,6474.913571428571,5976.202,6505.637444444445,7724.338,6195.540818181819,4582.111,6964.773307692308,11123.898,8717.0924,4769.594,7015.611176470589
2269803,2016-06-30,45,Produce,3973.525,2,48.27,0.0,0.0,0.0,0.0,0.0,0.0,0.0,0.0,0.0,0.0,0.0,30,3,6,2016,4065.446,4168.803,6225.032285714286,6020.937,6920.886777777778,10348.575,6371.0160000000005,6750.453,6861.436153846154,8475.039,8590.519066666666,9876.42,6974.482723529412
2271585,2016-07-01,45,Produce,7123.106,1,49.02,0.0,0.0,0.0,0.0,0.0,0.0,0.0,0.0,0.0,0.0,0.0,1,4,7,2016,7596.521,5676.36,6232.146714285715,7399.378,7153.48,6085.25,6892.899545454546,9272.645,6733.951615384615,10393.777,8367.833533333333,5047.216,7017.029841176471
2273367,2016-07-02,45,Produce,8201.229,1,48.447500000000005,0.0,0.0,0.0,0.0,0.0,0.0,0.0,0.0,0.0,0.0,0.0,2,5,7,2016,4533.18,7077.91,6099.993,5028.695,6958.285111111111,5025.774,6756.180454545454,11557.816,6639.594846153846,11694.46,8391.3446,6498.945,6951.7139588235295
2275149,2016-07-03,45,Produce,9502.258,1,47.875,0.0,0.0,0.0,0.0,2.0,0.0,0.0,0.0,0.0,0.0,0.0,3,6,7,2016,6962.9062,8176.293,6066.093285714285,5903.47,6593.089555555555,8213.44,6959.491181818181,6121.97,6965.747384615384,8509.63,8256.073666666667,7500.759,7217.81695882353
2276931,2016-07-04,45,Produce,6566.222,1,47.302499999999995,0.0,0.0,0.0,0.0,0.0,0.0,0.0,0.0,0.0,0.0,0.0,4,0,7,2016,8732.788,5701.32,6118.147142857143,8441.621,6799.491444444445,4376.406,6898.783181818181,4875.328,7032.05776923077,6339.011,8168.540599999999,8815.023,7193.6740176470585
2278713,2016-07-05,45,Produce,4758.147,1,46.73,0.0,0.0,0.0,0.0,0.0,0.0,0.0,0.0,0.0,0.0,0.0,5,1,7,2016,7132.399,4065.446,6301.939457142857,9925.462,6593.698777777778,6870.835,6877.208272727274,8042.289,6760.272923076923,9361.064,8234.792266666667,7668.852,7009.543370588235
2280495,2016-07-06,45,Produce,8381.613,210,47.37,0.0,0.0,0.0,0.0,0.0,0.0,0.0,0.0,0.0,0.0,0.0,6,2,7,2016,6194.882,7596.521,6538.350600000001,5651.519,6402.252333333334,9931.036,6334.232454545455,4157.314,6946.50923076923,5360.354,8028.888066666666,6780.74,6893.820547058824
2282277,2016-07-07,45,Produce,4541.574,1,45.22,0.0,0.0,0.0,0.0,0.0,0.0,0.0,0.0,0.0,0.0,0.0,7,3,7,2016,4976.49,4533.18,6389.222885714285,4990.522,6629.942888888889,6726.361,6341.084636363637,5754.85,6759.872769230769,6509.122,7690.829866666667,9040.754,6827.3522529411775
2284059,2016-07-08,45,Produce,5742.392,2,45.37,0.0,0.0,0.0,0.0,0.0,0.0,0.0,0.0,0.0,0.0,0.0,8,4,7,2016,7344.372,6962.9062,6459.731742857142,7833.819,6882.478777777778,5849.331,6597.731,7105.834,6434.0728461538465,8895.331,7703.104933333333,5625.3853,6922.860311764706
2285841,2016-07-09,45,Produce,7293.329,2,45.156666666666666,0.0,0.0,0.0,0.0,0.0,0.0,0.0,0.0,0.0,0.0,0.0,9,5,7,2016,4552.898,8732.788,6589.880885714286,4168.803,6578.000888888889,4735.269,6708.318636363637,10008.958,6043.665076923077,10414.945,7684.475399999999,5925.185,6765.070488235295
2287623,2016-07-10,45,Produce,8622.285,2,44.94333333333333,0.0,0.0,0.0,0.0,0.0,0.0,0.0,0.0,0.0,0.0,0.0,10,6,7,2016,5296.137,7132.399,6553.859600000001,5676.36,5926.888,7487.014,6878.9596363636365,5383.848,6126.788846153847,5513.63,7301.5022,6635.938,7015.416870588235
2289405,2016-07-11,45,Produce,5914.673,4,44.73,0.0,0.0,0.0,0.0,0.0,0.0,0.0,0.0,0.0,0.0,0.0,11,0,7,2016,7834.563,6194.882,6556.6764571428575,7077.91,6142.999333333333,4375.841,6682.328727272728,4270.132,6219.243615384616,5493.064,7063.3479333333335,8944.407,7003.369341176471
2291187,2016-07-12,45,Produce,4781.664,3,46.82,0.0,0.0,0.0,0.0,0.0,0.0,0.0,0.0,0.0,0.0,0.0,12,1,7,2016,8476.214,4976.49,6318.5665714285715,8176.293,6092.183555555555,6160.624,6515.707454545455,7003.183,5951.938230769232,7768.771,7229.070266666667,5614.877,6860.138105882354
2292969,2016-07-13,45,Produce,7039.439,214,44.87,0.0,0.0,0.0,0.0,0.0,0.0,0.0,0.0,0.0,0.0,0.0,13,2,7,2016,5246.418,7344.372,6190.248714285714,5701.32,5995.415466666666,7848.884,6297.557545454546,4324.179,6207.8886923076925,4581.225,6905.7184,4747.251,6803.443741176471
2294751,2016-07-14,45,Produce,4343.308,2,45.64,0.0,0.0,0.0,0.0,0.0,0.0,0.0,0.0,0.0,0.0,0.0,14,3,7,2016,4198.418,4552.898,6382.222285714285,4065.446,6502.524911111111,9429.904,6343.893818181818,5037.246,6085.390538461539,6053.025,6953.128200000001,7835.546,6599.244623529412
2296533,2016-07-15,45,Produce,5902.968,3,45.93,0.0,0.0,0.0,0.0,0.0,0.0,0.0,0.0,0.0,0.0,0.0,15,4,7,2016,6867.269,5296.137,6246.727428571429,7596.521,6664.307022222222,6253.457,6620.088090909091,6482.515,5975.575076923076,8659.165,7064.9008,4738.096,6541.916564705883
2298315,2016-07-16,45,Produce,7695.784,3,45.696666666666665,0.0,0.0,0.0,0.0,0.0,0.0,0.0,0.0,0.0,0.0,0.0,16,5,7,2016,3973.525,7834.563,6135.574285714286,4533.18,6566.192800000001,4707.895,6783.509454545455,7202.579,5770.175615384615,10114.334,7134.0270666666665,6393.231,6399.046270588235
2300097,2016-07-17,45,Produce,8016.556,1,45.46333333333333,0.0,0.0,0.0,0.0,0.0,0.0,0.0,0.0,0.0,0.0,0.0,17,6,7,2016,7123.106,8476.214,6067.416714285714,6962.9062,6210.659133333333,8098.202,6902.444454545455,6077.24,6007.037538461539,5949.862,6827.221933333334,7193.993,6589.901782352941
2301879,2016-07-18,45,Produce,4695.453,0,45.23,0.0,0.0,0.0,0.0,0.0,0.0,0.0,0.0,0.0,0.0,0.0,18,0,7,2016,8201.229,5246.418,5984.6491428571435,8732.788,6393.220466666667,4326.712,6747.867454545456,4567.319,6058.612615384616,4937.316,6782.806200000001,9303.1045,6581.226488235295
2303661,2016-07-19,45,Produce,4978.071,1,44.64,0.0,0.0,0.0,0.0,0.0,0.0,0.0,0.0,0.0,0.0,0.0,19,1,7,2016,9502.258,4198.418,6245.644714285715,7132.399,6447.3818,6359.03,6683.817545454545,7484.67,5842.238307692308,8824.846,6941.944,6294.137,6481.84105882353
2305443,2016-07-20,45,Produce,7669.842,209,44.96,0.0,0.0,0.0,0.0,0.0,0.0,0.0,0.0,0.0,0.0,0.0,20,2,7,2016,6566.222,6867.269,6298.025571428572,6194.882,6191.783577777778,7773.406,6254.224181818182,4162.374,6142.706923076923,4510.786,6718.719599999999,5065.828,6399.639647058823
2307225,2016-07-21,45,Produce,4534.458,0,43.96,0.0,0.0,0.0,0.0,0.0,0.0,0.0,0.0,0.0,0.0,0.0,21,3,7,2016,4758.147,3973.525,6444.603285714285,4976.49,6558.603911111111,9284.649,6397.739272727273,5678.233,6033.142846153846,6071.501,6802.457200000001,7851.2188,6317.382411764706
2309007,2016-07-22,45,Produce,5606.29,0,43.41,0.0,0.0,0.0,0.0,0.0,0.0,0.0,0.0,0.0,0.0,0.0,22,4,7,2016,8381.613,7123.106,6633.146714285714,7344.372,6726.749222222223,5684.126,6643.228181818181,7338.765,5950.107615384616,8185.711,6983.7734,4197.467,6374.709823529412
2310789,2016-07-23,45,Produce,6571.012,0,43.07333333333333,0.0,0.0,0.0,0.0,1.0,0.0,0.0,0.0,0.0,0.0,0.0,23,5,7,2016,4541.574,8201.229,6713.107999999999,4552.898,6339.374777777779,4460.277,6659.508181818182,8463.053,5990.242923076923,9932.225,7112.9499000000005,5806.163,6396.927882352941
2312571,2016-07-24,45,Produce,7913.213,0,42.736666666666665,1.0,0.0,0.0,0.0,0.0,0.0,0.0,0.0,0.0,1.0,0.0,24,6,7,2016,5742.392,9502.258,6929.442857142856,5296.137,6013.376888888889,7144.335,6809.461818181819,4940.608,6318.807153846154,5812.868,6934.278833333333,6611.959,6644.6492941176475
2314353,2016-07-25,45,Produce,5574.204,0,42.4,0.0,0.0,0.0,0.0,0.0,0.0,0.0,1.0,0.0,0.0,0.0,25,0,7,2016,7293.329,6566.222,7010.592714285713,7834.563,6088.086555555556,4704.377,6778.72609090909,4190.317,6435.571076923077,4847.394,6893.794833333333,8869.929,6705.108235294118
2316135,2016-07-26,45,Produce,4288.612,0,42.16,0.0,0.0,0.0,0.0,0.0,0.0,0.0,0.0,0.0,0.0,0.0,26,1,7,2016,8622.285,4758.147,6813.347857142856,8476.214,5976.646000000001,7832.123,6744.723545454545,8230.271,6246.42523076923,7880.131,7141.132166666666,5777.705,6606.1104117647055
2317917,2016-07-27,45,Produce,6852.144,211,41.9,0.0,0.0,0.0,0.0,0.0,0.0,0.0,0.0,0.0,0.0,0.0,27,2,7,2016,5914.673,8381.613,6683.647857142857,5246.418,5952.060888888888,7408.273,6357.818636363637,3612.913,6558.045692307692,4420.405,6844.185299999999,4946.3857,6561.428617647058
2319699,2016-07-28,45,Produce,4201.944,1,41.13,0.0,0.0,0.0,0.0,0.0,0.0,0.0,0.0,0.0,0.0,0.0,28,3,7,2016,4781.664,4541.574,6557.937428571428,4198.418,6357.4310000000005,8277.282,6377.759,5403.057,6457.9051538461545,5837.289,6946.576166666667,7546.983,6463.357205882354
2321481,2016-07-29,45,Produce,5973.125,1,41.54,0.0,0.0,0.0,0.0,0.0,0.0,0.0,0.0,0.0,0.0,0.0,29,4,7,2016,7039.439,5742.392,6464.8589999999995,6867.269,6824.777777777777,5976.202,6739.699363636363,7724.338,6421.9105384615395,8772.768,7055.1965666666665,4216.504,6493.8715
2323263,2016-07-30,45,Produce,6903.658,1,41.04333333333333,0.0,0.0,0.0,0.0,0.0,0.0,0.0,0.0,0.0,0.0,0.0,30,5,7,2016,4343.308,7293.329,6468.2185714285715,3973.525,6683.851,6020.937,6992.52909090909,10348.575,6534.832307692308,10596.8125,6938.162366666667,5721.817,6424.360570588235
2325045,2016-07-31,45,Produce,8454.616,1,40.54666666666667,0.0,0.0,0.0,0.0,0.0,0.0,0.0,0.0,0.0,0.0,0.0,31,6,7,2016,5902.968,8622.285,6276.479428571429,7123.106,6270.732444444444,7399.378,7078.632909090909,6085.25,6672.197923076923,7434.268,6750.134179999999,8213.253,6548.8801
2326827,2016-08-01,45,Produce,7327.349,1,40.05,0.0,0.0,0.0,0.0,0.0,0.0,0.0,0.0,0.0,0.0,0.0,1,0,8,2016,7695.784,5914.673,6248.155714285715,8201.229,6619.087444444444,5028.695,6820.305545454545,5025.774,6799.814384615384,5342.602,6896.438313333333,8949.36,6679.360864705883
2328609,2016-08-02,45,Produce,5169.966,1,39.5,0.0,0.0,0.0,0.0,0.0,0.0,0.0,0.0,0.0,0.0,0.0,2,1,8,2016,8016.556,4781.664,6271.0951428571425,9502.258,6657.215888888888,5903.47,6858.991545454544,8213.44,6530.968076923076,8647.376,7141.286113333334,7421.033,6633.070570588236
2330391,2016-08-03,45,Produce,8241.885,212,40.8,0.0,0.0,0.0,0.0,0.0,0.0,0.0,0.0,0.0,0.0,0.0,3,2,8,2016,4695.453,7039.439,6328.588714285715,6566.222,6532.229555555555,8441.621,6485.493454545454,4376.406,6828.975846153846,4370.643,6939.914713333334,5511.03,6606.806394117647
2332173,2016-08-04,45,Produce,4915.373,2,41.92,0.0,0.0,0.0,0.0,0.0,0.0,0.0,0.0,0.0,0.0,0.0,4,3,8,2016,4978.071,4343.308,6242.056,4758.147,6901.096666666666,9925.462,6458.23509090909,6870.835,6749.959230769231,6046.649,7070.015513333334,8543.514,6591.544217647059
2333955,2016-08-05,45,Produce,6152.638,1,41.83,0.0,0.0,0.0,0.0,1.0,0.0,0.0,0.0,0.0,0.0,0.0,5,4,8,2016,7669.842,5902.968,6067.881714285714,8381.613,7067.67211111111,5651.519,6554.323545454545,9931.036,6629.6735384615395,7700.807,7170.202246666667,4626.923,6712.312470588236
2335737,2016-08-06,45,Produce,6933.697,1,42.24,0.0,0.0,0.0,0.0,0.0,0.0,0.0,0.0,0.0,0.0,0.0,6,5,8,2016,4534.458,7695.784,6095.939857142856,4541.574,6813.610333333333,4990.522,6624.952181818182,6726.361,6437.389615384615,6430.198,7159.9885466666665,5584.571,6647.0142352941175
2337519,2016-08-07,45,Produce,7907.06,1,42.65,0.0,0.0,0.0,0.0,0.0,0.0,0.0,0.0,0.0,0.0,0.0,7,6,8,2016,5606.29,8016.556,6185.997428571429,5742.392,6289.099888888889,7833.819,6686.099909090909,5849.331,6694.670692307692,7111.8022,6886.122513333334,6669.533,6846.097764705883
2339301,2016-08-08,45,Produce,5879.376,2,43.06,0.0,0.0,0.0,0.0,0.0,0.0,0.0,0.0,0.0,0.0,0.0,8,0,8,2016,6571.012,4695.453,6213.304571428571,7293.329,6341.6795555555545,4168.803,6519.00681818182,4735.269,6789.107846153846,8007.43,6753.825913333334,6314.299,6843.574647058825
2341083,2016-08-09,45,Produce,4283.915,1,42.78,0.0,0.0,0.0,0.0,0.0,0.0,0.0,0.0,0.0,0.0,0.0,9,1,8,2016,7913.213,4978.071,6170.9220000000005,8622.285,6295.586333333334,5676.36,6442.179545454546,7487.014,6519.450538461539,8520.111,7015.141846666667,8024.336,6612.65594117647
2342865,2016-08-10,45,Produce,6805.117,209,41.75,0.0,0.0,0.0,0.0,0.0,0.0,0.0,0.0,1.0,0.0,0.0,10,2,8,2016,5574.204,7669.842,6010.240285714285,5914.673,6020.181333333333,7077.91,5951.972090909091,4375.841,6805.742538461539,4859.56,6733.857246666667,5825.024,6487.949588235294
2344647,2016-08-11,45,Produce,4410.329,5,43.51,0.0,0.0,0.0,0.0,0.0,0.0,0.0,0.0,0.0,0.0,0.0,11,3,8,2016,4288.612,4534.458,5995.477,4781.664,6370.649111111112,8176.293,6071.1891090909085,6160.624,6610.040769230769,6371.917,6862.159913333334,8423.438,6314.080882352941
2346429,2016-08-12,45,Produce,6890.285,5,44.47,0.0,0.0,0.0,0.0,0.0,0.0,0.0,0.0,0.0,0.0,1.0,12,4,8,2016,6852.144,5606.29,6121.012857142857,7039.439,6623.334,5701.32,6411.3951090909095,7848.884,6335.271076923077,7340.09,6999.976646666667,5518.248,6309.178176470588
2348211,2016-08-13,45,Produce,6535.222,5,44.88666666666666,0.0,0.0,0.0,0.0,0.0,0.0,0.0,0.0,0.0,0.0,0.0,13,5,8,2016,4201.944,6571.012,6022.518714285715,4343.308,6334.681111111111,4065.446,6347.629654545454,9429.904,6415.813,8619.5625,7178.770579999999,6999.446,6219.868294117648
2349993,2016-08-14,45,Produce,7072.365,5,45.303333333333335,0.0,0.0,0.0,0.0,0.0,0.0,0.0,0.0,0.0,0.0,0.0,14,6,8,2016,5973.125,7913.213,5905.704714285714,5902.968,5929.768444444444,7596.521,6531.818654545455,6253.457,6680.068230769231,6488.822,7127.010859999999,6436.913,6390.572470588236
2351775,2016-08-15,45,Produce,5787.806,5,45.72,0.0,0.0,0.0,0.0,1.0,0.0,0.0,0.0,0.0,0.0,0.0,15,0,8,2016,6903.658,5574.204,5858.202714285713,7695.784,6124.787222222222,4533.18,6468.1941090909095,4707.895,6753.057230769231,5449.819,6980.830246666667,7600.924,6388.902882352942
2353557,2016-08-16,45,Produce,5276.8853,5,46.57,0.0,0.0,0.0,0.0,0.0,0.0,0.0,0.0,0.0,0.0,0.0,16,1,8,2016,8454.616,4288.612,5910.607714285715,8016.556,6097.319888888889,6962.9062,6492.417927272728,8098.202,6520.231307692307,9262.341,6962.889313333333,5678.924,6266.730823529411
2355339,2016-08-17,45,Produce,8247.831,212,46.81,0.0,0.0,0.0,0.0,0.0,0.0,0.0,0.0,0.0,0.0,0.0,17,2,8,2016,7327.349,6852.144,5958.128571428571,4695.453,5938.081111111112,8732.788,6163.018381818182,4326.712,6733.192384615385,4428.107,6703.455780000001,4287.635,6291.740411764706
2357121,2016-08-18,45,Produce,4541.594,6,48.2,0.0,0.0,0.0,0.0,0.0,0.0,0.0,0.0,0.0,0.0,0.0,18,3,8,2016,5169.966,4201.944,6035.4718571428575,4978.071,6185.603777777777,7132.399,6126.183563636363,6359.03,6621.173384615385,6295.183,6780.789966666666,6829.352,6050.334352941176
2358903,2016-08-19,45,Produce,5839.923,6,48.48,0.0,0.0,0.0,0.0,0.0,0.0,0.0,0.0,0.0,0.0,0.0,19,4,8,2016,8241.885,5973.125,6285.921142857143,7669.842,6408.964333333333,6194.882,6468.830563636365,7773.406,6619.884076923077,8113.9,6951.7071,4465.265,6054.873529411765
2360685,2016-08-20,45,Produce,7528.642,6,47.919999999999995,0.0,0.0,0.0,0.0,0.0,0.0,0.0,0.0,0.0,0.0,0.0,20,5,8,2016,4915.373,6903.658,6411.8288571428575,4534.458,6173.233222222222,4976.49,6548.802654545455,9284.649,6464.374,10382.716,7135.905633333333,5427.684,5969.142529411764
2362467,2016-08-21,45,Produce,8054.072,6,47.36,0.0,0.0,0.0,0.0,0.0,0.0,0.0,0.0,0.0,0.0,0.0,21,6,8,2016,6152.638,8454.616,6610.363285714287,5606.29,5759.017222222222,7344.372,6613.642472727273,5684.126,6620.052846153847,5653.8022,6972.321266666667,7025.246,6167.752058823529
2364249,2016-08-22,45,Produce,6502.297,6,46.8,0.0,0.0,0.0,0.0,0.0,0.0,0.0,0.0,0.0,0.0,0.0,22,0,8,2016,6933.697,7327.349,6712.281714285714,6571.012,5998.649555555556,4552.898,6362.325363636363,4460.277,6717.614923076923,4919.093,6962.855533333333,7528.894,6115.937352941177
2366031,2016-08-23,45,Produce,5171.261,6,47.54,0.0,0.0,0.0,0.0,0.0,0.0,0.0,0.0,0.0,0.0,0.0,23,1,8,2016,7907.06,5169.966,6737.926428571429,7913.213,5912.4132222222215,5296.137,6192.732727272727,7144.335,6557.825307692307,7738.316,7197.243966666666,5556.188,6122.361352941177
2367813,2016-08-24,45,Produce,8165.681,214,46.29,0.0,0.0,0.0,0.0,1.0,0.0,0.0,0.0,0.0,0.0,0.0,24,2,8,2016,5879.376,8241.885,6742.217714285715,5574.204,5723.889111111111,7834.563,5905.562363636363,4704.377,6794.1842307692295,4628.608,6910.870433333333,4592.608,6190.7742941176475
2369595,2016-08-25,45,Produce,4409.775,8,46.97,0.0,0.0,0.0,0.0,0.0,0.0,0.0,0.0,0.0,0.0,0.0,25,3,8,2016,4283.915,4915.373,6663.995428571428,4288.612,5987.133555555555,8476.214,5989.946363636364,7832.123,6691.850769230769,6019.5728,7053.935633333333,6739.462,6149.474764705882
2371377,2016-08-26,45,Produce,5926.272,8,47.64,0.0,0.0,0.0,0.0,0.0,0.0,0.0,0.0,0.0,0.0,0.0,26,4,8,2016,6805.117,6152.638,6457.142142857142,6852.144,6303.614222222222,5246.418,6283.104454545455,7408.273,6548.009538461538,8935.674,7183.4713,3920.433,6241.789747058823
2373159,2016-08-27,45,Produce,7002.142,8,47.416666666666664,0.0,0.0,0.0,0.0,0.0,0.0,0.0,0.0,0.0,0.0,0.0,27,5,8,2016,4410.329,6933.697,6330.563428571428,4201.944,6387.651666666668,4198.418,6479.275909090909,8277.282,6483.161230769231,10103.068,7355.993566666667,5902.19,6322.351129411765
2374941,2016-08-28,45,Produce,8352.129,8,47.193333333333335,0.0,0.0,0.0,0.0,0.0,0.0,0.0,0.0,0.0,0.0,0.0,28,6,8,2016,6890.285,7907.06,6125.3108571428575,5973.125,6082.846444444444,6867.269,6662.305363636363,5976.202,6809.417846153846,6165.797,7045.058099999999,6966.011,6580.552600000001
2376723,2016-08-29,45,Produce,5874.7603,8,46.97,0.0,0.0,0.0,0.0,0.0,0.0,0.0,0.0,0.0,0.0,0.0,29,0,8,2016,6535.222,5879.376,6053.161714285714,6903.658,6379.255444444444,3973.525,6613.397181818181,6020.937,6901.051846153846,6346.836,6971.251953333334,8894.61,6596.845835294117
2378505,2016-08-30,45,Produce,4535.604,8,46.32,0.0,0.0,0.0,0.0,0.0,0.0,0.0,0.0,0.0,0.0,0.0,30,1,8,2016,7072.365,4283.915,6158.539857142857,8454.616,6448.895555555555,7123.106,6663.129,7399.378,6735.373923076922,8965.6455,7160.097886666666,6118.596,6419.253305882353
2380287,2016-08-31,45,Produce,7516.904,212,44.68,0.0,0.0,0.0,0.0,0.0,0.0,0.0,0.0,0.0,0.0,0.0,31,2,8,2016,5787.806,6805.117,6101.614857142857,7327.349,6371.172666666667,8201.229,6305.434454545454,5028.695,6976.100230769231,4966.738,6918.5122200000005,6546.121,6393.518952941176
2382069,2016-09-01,45,Produce,5046.377,8,43.17,0.0,0.0,0.0,0.0,0.0,0.0,0.0,0.0,0.0,0.0,0.0,1,3,9,2016,5276.8853,4410.329,5982.372714285714,5169.966,6674.700777777778,9502.258,6350.523,5903.47,6694.306384615384,6574.085,7015.2988866666665,8763.944,6301.060070588235
2383851,2016-09-02,45,Produce,6646.012,2,44.39,0.0,0.0,0.0,0.0,0.0,0.0,0.0,0.0,0.0,0.0,0.0,2,4,9,2016,8247.831,6890.285,5969.291285714286,8241.885,6889.582444444444,6566.222,6631.878545454546,8441.621,6561.082307692307,8238.218,7118.926766666667,4976.832,6345.81965882353
2385633,2016-09-03,45,Produce,7722.095,3,44.505,0.0,0.0,0.0,0.0,0.0,0.0,0.0,0.0,0.0,0.0,0.0,3,5,9,2016,4541.594,6535.222,6111.144185714286,4915.373,6775.773333333334,4758.147,6791.425454545454,9925.462,6468.822923076923,10701.734,7135.386833333334,5856.9897,6396.974658823529
2387415,2016-09-04,45,Produce,8646.472,2,44.620000000000005,0.0,0.0,0.0,0.0,0.0,0.0,0.0,0.0,0.0,0.0,0.0,4,6,9,2016,5839.923,7072.365,6317.246185714285,6152.638,6312.362111111111,8381.613,6967.893454545454,5651.519,6638.060692307691,5718.684,6825.332833333334,8198.8955,6719.304364705883
2389197,2016-09-05,45,Produce,6599.95,2,44.735,0.0,0.0,0.0,0.0,0.0,0.0,0.0,0.0,0.0,0.0,0.0,5,0,9,2016,7528.642,5787.806,6335.998328571428,6933.697,6254.336333333334,4541.574,6755.035090909091,4990.522,6613.47476923077,4546.71,6736.985833333334,8854.69,6624.303717647059
2390979,2016-09-06,45,Produce,5742.01,2,44.85,0.0,0.0,0.0,0.0,0.0,0.0,0.0,0.0,0.0,0.0,0.0,6,1,9,2016,8054.072,5276.8853,6185.9466142857145,7907.06,6169.932222222222,5742.392,6649.417818181819,7833.819,6357.0184615384605,7751.782,6917.6747000000005,5704.669,6514.373129411765
2392761,2016-09-07,45,Produce,8292.854,217,45.47,0.0,0.0,0.0,0.0,0.0,0.0,0.0,0.0,0.0,0.0,0.0,7,2,9,2016,6502.297,8247.831,6327.863757142857,5879.376,6019.754444444445,7293.329,6180.422363636363,4168.803,6554.5435384615375,4114.531,6612.6228,4006.173,6458.794305882353
2394543,2016-09-08,45,Produce,4609.898,0,47.63,0.0,0.0,0.0,0.0,0.0,0.0,0.0,0.0,0.0,0.0,0.0,8,3,9,2016,5171.261,4541.594,6468.107614285715,4283.915,6199.737666666667,8622.285,6120.126545454545,5676.36,6449.136615384616,6080.408,6669.270466666668,7091.41,6332.356717647059
2396325,2016-09-09,45,Produce,5649.025,0,45.88,0.0,0.0,0.0,0.0,0.0,0.0,0.0,0.0,0.0,0.0,0.0,9,4,9,2016,8165.681,5839.923,6570.1777571428565,6805.117,6301.9295555555545,5914.673,6387.184454545454,7077.91,6335.389323076923,7573.991,6776.002933333334,3984.387,6281.341776470588
2398107,2016-09-10,45,Produce,7805.462,0,46.013333333333335,0.0,0.0,0.0,0.0,0.0,0.0,0.0,0.0,0.0,0.0,0.0,10,5,9,2016,4409.775,7528.642,6555.0885714285705,4410.329,6174.608333333334,4781.664,6353.997454545454,8176.293,6243.645169230769,9182.575,6818.578733333334,5353.521,6209.135423529411
2399889,2016-09-11,45,Produce,9445.228,0,46.14666666666667,0.0,0.0,0.0,0.0,0.0,0.0,0.0,0.0,0.0,0.0,0.0,11,6,9,2016,5926.272,8054.072,6543.352857142857,6890.285,5882.3667000000005,7039.439,6367.986454545454,5701.32,6357.559015384615,5452.258,6494.660333333333,7609.097,6435.714305882353
2401671,2016-09-12,45,Produce,5433.438,0,46.28,0.0,0.0,0.0,0.0,0.0,0.0,0.0,0.0,0.0,0.0,0.0,12,0,9,2016,7002.142,6502.297,6524.521571428571,6535.222,6145.528366666666,4343.308,6298.5027272727275,4065.446,6450.2020923076925,4840.592,6456.719933333333,9400.038,6429.8879705882355
2403453,2016-09-13,45,Produce,4451.696,0,44.91,0.0,0.0,0.0,0.0,0.0,0.0,0.0,0.0,0.0,0.0,0.0,13,1,9,2016,8352.129,5171.261,6536.857142857143,7072.365,6174.159366666667,5902.968,6332.731181818181,7596.521,6230.407553846154,9057.169,6704.709466666666,4287.179,6213.240529411764
2405235,2016-09-14,45,Produce,7352.665,217,43.62,0.0,0.0,0.0,0.0,0.0,0.0,0.0,0.0,0.0,0.0,0.0,14,2,9,2016,5874.7603,8165.681,6461.642857142857,5787.806,6066.915588888889,7695.784,5961.110545454546,4533.18,6474.682092307693,4389.867,6557.272466666666,5097.191,6172.405352941177
2407017,2016-09-15,45,Produce,4090.298,0,43.85,0.0,0.0,0.0,0.0,0.0,0.0,0.0,0.0,0.0,0.0,0.0,15,3,9,2016,4535.604,4409.775,6504.222428571428,5276.8853,6413.394811111111,8016.556,5933.075727272727,6962.9062,6388.261938461538,5816.453,6649.683533333333,7949.77,6084.119882352941
2408799,2016-09-16,45,Produce,5598.96,1,43.04,0.0,0.0,0.0,0.0,0.0,0.0,0.0,0.0,0.0,0.0,0.0,16,4,9,2016,7516.904,5926.272,6414.574328571428,8247.831,6542.704477777778,4695.453,6095.743727272727,8732.788,6251.202476923077,8175.072,6738.466266666667,3969.157,6156.462
2410581,2016-09-17,45,Produce,7735.261,1,43.14,0.0,0.0,0.0,0.0,0.0,0.0,0.0,0.0,0.0,0.0,0.0,17,5,9,2016,5046.377,7002.142,6323.766185714286,4541.594,6539.0461444444445,4978.071,6175.177727272728,7132.399,6224.915553846155,8876.855,6789.031666666666,5678.867,6153.547647058824
2412363,2016-09-18,45,Produce,9226.803,1,43.24,0.0,0.0,0.0,0.0,0.0,0.0,0.0,0.0,0.0,0.0,0.0,18,6,9,2016,6646.012,8352.129,6231.083757142857,5839.923,6327.812366666667,7669.842,6287.077363636363,6194.882,6438.368938461538,5842.958,6561.458333333333,7536.436,6462.786235294117
2414145,2016-09-19,45,Produce,5344.789,1,43.34,0.0,0.0,0.0,0.0,0.0,0.0,0.0,0.0,0.0,0.0,0.0,19,0,9,2016,7722.095,5874.7603,6322.0269,7528.642,6592.0207,4534.458,6140.317727272727,4976.49,6529.212938461539,5149.578,6499.428666666666,8828.673,6474.5120588235295
2415927,2016-09-20,45,Produce,4291.808,2,43.85,0.0,0.0,0.0,0.0,0.0,0.0,0.0,0.0,0.0,0.0,0.0,20,1,9,2016,8646.472,4535.604,6424.8469,8054.072,6495.675111111112,5606.29,6063.623181818181,7344.372,6267.8204000000005,8266.553,6696.944866666667,5757.942,6280.485235294117
2417709,2016-09-21,45,Produce,8215.402,218,45.33,0.0,0.0,0.0,0.0,0.0,0.0,0.0,0.0,0.0,0.0,0.0,21,2,9,2016,6599.95,7516.904,6527.697328571428,6502.297,6237.724111111111,6571.012,5716.840272727273,4552.898,6447.365707692307,5540.227,6398.607666666667,4515.889,6190.0337058823525
2419491,2016-09-22,45,Produce,4042.166,2,46.1,0.0,0.0,0.0,0.0,0.0,0.0,0.0,0.0,0.0,0.0,0.0,22,3,9,2016,5742.01,5046.377,6569.746328571428,5171.261,6511.118333333334,7913.213,5832.992272727272,5296.137,6217.413307692308,5500.697,6555.980066666667,8160.492,6253.840882352942
2421273,2016-09-23,45,Produce,5992.923,1,44.36,0.0,0.0,0.0,0.0,0.0,0.0,0.0,0.0,0.0,0.0,0.0,23,4,9,2016,8292.854,6646.012,6673.344857142858,8165.681,6790.252333333333,5574.204,6008.045636363637,7834.563,6093.591615384616,7412.149,6786.392866666666,4203.816,6354.4962352941175
2423055,2016-09-24,45,Produce,7434.366,1,44.77333333333333,0.0,0.0,0.0,0.0,0.0,0.0,0.0,0.0,0.0,0.0,0.0,24,5,9,2016,4609.898,7722.095,6845.688571428573,4409.775,6606.4877,4288.612,6079.388727272727,8476.214,6175.809307692307,8332.472,7011.909133333333,5235.989,6405.8550000000005
2424837,2016-09-25,45,Produce,8990.642,1,45.18666666666667,0.0,0.0,0.0,0.0,0.0,0.0,0.0,0.0,0.0,0.0,0.0,25,6,9,2016,5649.025,8646.472,6956.538571428572,5926.272,6215.54681111111,6852.144,6333.287909090909,5246.418,6430.222846153846,5768.975,6828.250133333333,7041.866,6750.949882352941
2426619,2016-09-26,45,Produce,5763.173,1,45.6,0.0,0.0,0.0,0.0,0.0,0.0,0.0,0.0,0.0,0.0,0.0,26,0,9,2016,7805.462,6599.95,6894.184428571428,7002.142,6328.280922222222,4201.944,6293.622090909091,4198.418,6552.509923076922,4521.813,6763.741466666667,9241.443,6773.071647058824
2428401,2016-09-27,45,Produce,4669.088,1,44.65,0.0,0.0,0.0,0.0,0.0,0.0,0.0,0.0,0.0,0.0,0.0,27,1,9,2016,9445.228,5742.01,6751.7577142857135,8352.129,6314.404922222222,5973.125,6445.519636363636,6867.269,6353.569538461538,7803.335,6956.588866666667,5552.86,6607.716470588236
2430183,2016-09-28,45,Produce,7255.34,215,47.07,0.0,0.0,0.0,0.0,1.0,0.0,0.0,0.0,0.0,0.0,0.0,28,2,9,2016,5433.438,8292.854,6763.667285714285,5874.7603,6145.552811111112,6903.658,6172.988727272727,3973.525,6648.086076923078,4582.111,6682.6396,4310.641,6515.619588235294
2431965,2016-09-29,45,Produce,3694.978,1,47.72,0.0,0.0,0.0,0.0,0.0,0.0,0.0,0.0,0.0,0.0,0.0,29,3,9,2016,4451.696,4609.898,6877.775285714285,4535.604,6513.588366666667,8454.616,6225.573636363636,7123.106,6590.042769230769,6750.453,6696.9478,7862.362,6403.702352941176
2433747,2016-09-30,45,Produce,5505.046,3,47.72,0.0,0.0,0.0,0.0,0.0,0.0,0.0,0.0,0.0,0.0,0.0,30,4,9,2016,7352.665,5649.025,6711.130714285713,7516.904,6815.8328111111105,7327.349,6466.03590909091,8201.229,6429.106538461538,9272.645,6803.956933333334,5371.901,6558.117176470588
2435529,2016-10-01,45,Produce,8931.389,3,48.08,0.0,0.0,0.0,0.0,0.0,0.0,0.0,0.0,0.0,0.0,0.0,1,5,10,2016,4090.298,7805.462,6526.800142857142,5046.377,6771.144811111111,5169.966,6561.937363636363,9502.258,6338.115384615385,11557.816,6977.077533333333,6808.332,6480.4104705882355
2437311,2016-10-02,45,Produce,10666.734,3,48.44,0.0,0.0,0.0,0.0,0.0,0.0,0.0,0.0,0.0,0.0,0.0,2,6,10,2016,5598.96,9445.228,6392.4874285714295,6646.012,6481.131588888889,8241.885,6714.431181818182,6566.222,6597.797461538461,6121.97,6780.502600000001,8822.869,6698.400117647058
2439093,2016-10-03,45,Produce,5814.699,3,48.8,0.0,0.0,0.0,0.0,0.0,0.0,0.0,0.0,0.0,0.0,0.0,3,0,10,2016,7735.261,5433.438,6318.258857142858,7722.095,6749.808666666668,4915.373,6560.866636363636,4758.147,6729.817076923077,4875.328,6680.579733333333,9835.77,6711.391547058824
2440875,2016-10-04,45,Produce,4954.306,3,48.67,0.0,0.0,0.0,0.0,0.0,0.0,0.0,0.0,0.0,0.0,0.0,4,1,10,2016,9226.803,4451.696,6311.106714285715,8646.472,6758.0635555555555,6152.638,6551.908363636364,8381.613,6569.385923076922,8042.289,6846.004400000001,6054.937,6520.508311764706
2442657,2016-10-05,45,Produce,8108.499,218,49.75,0.0,0.0,0.0,0.0,0.0,0.0,0.0,0.0,0.0,0.0,0.0,5,2,10,2016,5344.789,7352.665,6301.078,6599.95,6550.521444444445,6933.697,6184.24590909091,4541.574,6805.225461538461,4157.314,6614.060666666667,4725.398,6412.530311764705
2444439,2016-10-06,45,Produce,4459.4683,34,50.44,0.0,0.0,0.0,0.0,0.0,0.0,0.0,0.0,0.0,0.0,0.0,6,3,10,2016,4291.808,4090.298,6269.874428571428,5742.01,6857.086444444444,7907.06,6144.512818181818,5742.392,6591.394846153845,5754.85,6644.403,7263.026,6329.695488235295
2446221,2016-10-07,45,Produce,5971.918,39,49.76,0.0,0.0,0.0,0.0,1.0,0.0,0.0,0.0,0.0,0.0,0.0,7,4,10,2016,8215.402,5598.96,6257.210285714286,8292.854,7168.1104444444445,5879.376,6268.6269999999995,7293.329,6414.605538461538,7105.834,6626.540466666667,3855.349,6388.059723529412
2448003,2016-10-08,45,Produce,8442.089,38,49.76,0.0,0.0,0.0,0.0,0.0,0.0,0.0,0.0,0.0,0.0,0.0,8,5,10,2016,4042.166,7735.261,6234.369142857143,4609.898,6913.8152222222225,4283.915,6162.307000000001,8622.285,6275.646,10008.958,6488.536066666667,7140.941,6397.4934882352945
2449785,2016-10-09,45,Produce,9798.795,38,49.76,0.0,0.0,0.0,0.0,0.0,1.0,0.0,0.0,0.0,0.0,0.0,9,6,10,2016,5992.923,9226.803,6357.617285714286,5649.025,6447.729,6805.117,6241.619090909091,5914.673,6387.210153846154,5383.848,6123.164333333334,6839.478,6613.311311764706
2451567,2016-10-10,45,Produce,6023.311,37,49.76,0.0,0.0,0.0,0.0,0.0,0.0,0.0,0.0,0.0,0.0,0.0,10,0,10,2016,7434.366,5344.789,6350.741285714286,7805.462,6531.364,4410.329,6162.005209090909,4781.664,6382.387538461538,4270.132,6019.520933333334,7909.64,6520.926547058823
2453349,2016-10-11,45,Produce,4401.51,37,50.72,0.0,0.0,0.0,0.0,0.0,0.0,0.0,0.0,0.0,0.0,0.0,11,1,10,2016,8990.642,4291.808,6407.021714285715,9445.228,6347.840444444444,6890.285,6281.471936363636,7039.439,6120.576615384615,7003.183,6193.477066666667,5456.8433,6289.076605882353
2455131,2016-10-12,45,Produce,7684.399,215,50.14,0.0,0.0,0.0,0.0,0.0,0.0,0.0,0.0,0.0,0.0,0.0,12,2,10,2016,5763.173,8215.402,6364.036714285714,5433.438,6048.51888888889,6535.222,5975.520481818182,4343.308,6361.212615384615,4324.179,5934.816066666667,3796.851,6168.690958823529
2456913,2016-10-13,45,Produce,4466.426,38,50.47,0.0,0.0,0.0,0.0,0.0,0.0,0.0,0.0,0.0,0.0,0.0,13,3,10,2016,4669.088,4042.166,6330.2994285714285,4451.696,6395.781444444445,7072.365,5971.933845454545,5902.968,6268.294615384614,5037.246,6036.210666666666,7405.817,6063.696841176471
2458695,2016-10-14,45,Produce,5568.345,37,50.35,0.0,0.0,0.0,0.0,0.0,0.0,0.0,0.0,0.0,0.0,0.0,14,4,10,2016,7255.34,5992.923,6390.068571428572,7352.665,6793.312333333333,5787.806,6266.909027272727,7695.784,6138.522384615384,6482.515,6141.804999999999,4144.668,6100.304252941176
2460477,2016-10-15,45,Produce,8195.748,39,50.223333333333336,0.0,0.0,0.0,0.0,0.0,0.0,0.0,0.0,0.0,0.0,0.0,15,5,10,2016,3694.978,7434.366,6443.965714285713,4090.298,6519.904222222222,5276.8853,6380.450390909091,8016.556,5980.732153846154,7202.579,6232.286266666666,5302.833,6116.845117647059
2462259,2016-10-16,45,Produce,10463.117,38,50.096666666666664,0.0,0.0,0.0,0.0,0.0,0.0,0.0,0.0,0.0,0.0,0.0,16,6,10,2016,5505.046,8990.642,6306.813999999999,5598.96,5947.302,8247.831,6570.6293,4695.453,6134.465999999999,6077.24,5894.396266666667,8022.736,6395.712823529412
2464041,2016-10-17,45,Produce,8806.823,37,49.97,0.0,0.0,0.0,0.0,0.0,0.0,0.0,0.0,0.0,0.0,0.0,17,0,10,2016,8931.389,5763.173,6257.215714285713,7735.261,6256.409111111111,4541.594,6414.354390909091,4978.071,6195.4306153846155,4567.319,5814.827533333333,9040.804,6282.503117647059
2465823,2016-10-18,45,Produce,4587.28,38,50.3,0.0,0.0,0.0,0.0,0.0,0.0,0.0,0.0,0.0,0.0,0.0,18,1,10,2016,10666.734,4669.088,6187.519,9226.803,6210.905777777778,5839.923,6562.577936363637,7669.842,5983.828538461538,7484.67,6078.836800000001,5237.791,6121.14205882353
2467605,2016-10-19,45,Produce,7134.208,215,51.59,0.0,0.0,0.0,0.0,0.0,0.0,0.0,0.0,0.0,0.0,0.0,19,2,10,2016,5814.699,7255.34,6401.379428571429,5344.789,6059.823333333334,7528.642,6320.524300000001,4534.458,6176.815923076923,4162.374,5852.8188,4881.42,6036.994117647059
2469387,2016-10-20,45,Produce,7676.222,35,50.31,0.0,0.0,0.0,0.0,0.0,0.0,0.0,0.0,0.0,0.0,0.0,20,3,10,2016,4954.306,3694.978,6640.821142857143,4291.808,6431.386444444444,8054.072,6333.112118181817,5606.29,6045.967923076923,5678.233,5924.744000000001,7789.214,5943.032276470588
2471169,2016-10-21,45,Produce,6214.988,37,50.61,0.0,0.0,0.0,0.0,0.0,0.0,0.0,0.0,0.0,0.0,0.0,21,4,10,2016,8108.499,5505.046,6648.182,8215.402,6808.24,6502.297,6489.953636363637,6571.012,5913.4556923076925,7338.765,6103.883466666666,4270.037,5989.014629411765
2472951,2016-10-22,45,Produce,7272.487,36,50.46666666666667,0.0,0.0,0.0,0.0,0.0,0.0,0.0,0.0,0.0,0.0,0.0,22,5,10,2016,4459.4683,8931.389,6688.927428571428,4042.166,6589.119111111111,5171.261,6499.435272727273,7913.213,5827.848153846154,8463.053,6361.620800000001,5347.724,5933.909394117647
2474733,2016-10-23,45,Produce,9814.46,37,50.32333333333333,0.0,0.0,0.0,0.0,0.0,0.0,0.0,0.0,0.0,0.0,0.0,23,6,10,2016,5971.918,10666.734,6810.807285714285,5992.923,6082.706333333333,8165.681,6620.632209090909,5574.204,6117.01453846154,4940.608,6287.132200000001,7544.2207,6106.4297470588235
2476515,2016-10-24,45,Produce,5252.484,38,50.18,0.0,0.0,0.0,0.0,0.0,0.0,0.0,0.0,0.0,0.0,0.0,24,0,10,2016,8442.089,5814.699,6920.020185714285,7434.366,6294.989777777778,4409.775,6502.057754545455,4288.612,6297.72823076923,4190.317,6217.034466666666,8596.1,6203.444629411765
2478297,2016-10-25,45,Produce,4641.12,37,49.45,0.0,0.0,0.0,0.0,0.0,0.0,0.0,0.0,0.0,0.0,0.0,25,1,10,2016,9798.795,4954.306,6986.7161857142855,8990.642,6228.675333333333,5926.272,6500.990663636363,6852.144,6105.430076923077,8230.271,6460.109200000001,5216.376,6239.589570588236
2480079,2016-10-26,45,Produce,6824.536,212,48.75,0.0,0.0,0.0,0.0,0.0,0.0,0.0,0.0,0.0,0.0,0.0,26,2,10,2016,6023.311,8108.499,6916.816185714285,5763.173,5927.524666666666,7002.142,6227.563845454546,4201.944,6390.61676923077,3612.913,6252.8916,4096.34,6257.990452941177
2481861,2016-10-27,45,Produce,3701.268,0,49.71,0.0,0.0,0.0,0.0,0.0,0.0,0.0,0.0,0.0,0.0,0.0,27,3,10,2016,4401.51,4459.4683,6792.8249000000005,4669.088,6470.7716666666665,8352.129,6240.628845454546,5973.125,6337.469307692308,5403.057,6433.455666666667,6479.125,6229.908158823529
2483643,2016-10-28,45,Produce,5339.457,1,48.72,0.0,0.0,0.0,0.0,0.0,0.0,0.0,0.0,0.0,0.0,0.0,28,4,10,2016,7684.399,5971.918,6822.626614285714,7255.34,6990.083999999999,5874.7603,6472.522845454546,6903.658,6305.286692307693,7724.338,6716.975866666667,3859.492,6253.676217647058
2485425,2016-10-29,45,Produce,6199.983,1,48.089999999999996,0.0,0.0,0.0,0.0,0.0,0.0,0.0,0.0,0.0,0.0,0.0,29,5,10,2016,4466.426,8442.089,6743.6557571428575,3694.978,6810.121,4535.604,6516.231118181819,8454.616,6229.939307692309,10348.575,6676.148933333334,4578.551,6266.196452941177
2487207,2016-10-30,45,Produce,7772.067,1,47.46,0.0,0.0,0.0,0.0,0.0,0.0,0.0,0.0,0.0,0.0,0.0,30,6,10,2016,5568.345,9798.795,6683.070042857143,5505.046,6361.639222222222,7516.904,6715.337936363635,7327.349,6409.38976923077,6085.25,6501.9008,6469.028,6561.396335294117
2488989,2016-10-31,45,Produce,4168.072,1,46.83,0.0,0.0,0.0,0.0,0.0,0.0,0.0,0.0,0.0,0.0,0.0,31,0,10,2016,8195.748,6023.311,6684.064,8931.389,6622.231,5046.377,6698.586845454545,5169.966,6531.7562307692315,5025.774,6488.211533333333,7077.514,6552.486982352942
2490771,2016-11-01,45,Produce,4666.214,0,46.66,0.0,0.0,0.0,0.0,0.0,0.0,0.0,0.0,0.0,0.0,0.0,1,1,11,2016,10463.117,4401.51,6626.410714285715,10666.734,6598.939922222223,6646.012,6815.9243,8241.885,6334.200153846154,8213.44,6707.991333333334,6952.086,6387.900058823529
2492553,2016-11-02,45,Produce,8282.65,217,45.32,0.0,0.0,0.0,0.0,0.0,1.0,0.0,0.0,0.0,0.0,0.0,2,2,11,2016,8806.823,7684.399,6591.219142857143,5814.699,6456.337477777777,7722.095,6475.721481818182,4915.373,6534.444230769231,4376.406,6451.029333333334,8637.2,6332.797411764705
2494335,2016-11-03,45,Produce,6469.252,1,44.66,0.0,0.0,0.0,0.0,0.0,1.0,0.0,0.0,0.0,0.0,0.0,3,3,11,2016,4587.28,4466.426,6686.122285714287,4954.306,6983.794255555555,8646.472,6455.200090909091,6152.638,6414.229153846153,6870.835,6620.8767333333335,9353.619,6237.823588235294
2496117,2016-11-04,45,Produce,7259.047,1,44.07,0.0,0.0,1.0,0.0,0.0,0.0,0.0,0.0,0.0,0.0,0.0,4,4,11,2016,7134.208,5568.345,7083.766857142858,8108.499,7460.877477777777,6599.95,6752.459909090909,6933.697,6413.200461538461,9931.036,6783.931866666667,4760.392,6326.540058823529
2497899,2016-11-05,45,Produce,7061.853,1,44.34,0.0,0.0,0.0,0.0,0.0,0.0,0.0,0.0,0.0,0.0,0.0,5,5,11,2016,7676.222,8195.748,7110.305428571429,4459.4683,7137.757699999999,5742.01,6927.762090909091,7907.06,6265.554769230769,6726.361,6897.636266666667,5285.477,6360.284588235294
2499681,2016-11-06,45,Produce,9703.995,1,44.61,0.0,0.0,0.0,0.0,0.0,0.0,1.0,0.0,0.0,0.0,0.0,6,6,11,2016,6214.988,10463.117,7031.706714285714,5971.918,6441.6217,8292.854,6962.949454545454,5879.376,6245.940615384616,5849.331,6624.6284,8002.058,6704.0
2501463,2016-11-07,45,Produce,6531.018,0,44.88,0.0,0.0,0.0,0.0,0.0,0.0,1.0,0.0,0.0,0.0,0.0,7,0,11,2016,7272.487,8806.823,7490.248999999999,8442.089,6649.366144444444,4609.898,6763.466181818181,4283.915,6293.466769230769,4735.269,6532.804733333333,9288.435,6785.362411764706
2503245,2016-11-08,45,Produce,5033.384,1,44.96,0.0,0.0,0.0,0.0,0.0,0.0,0.0,0.0,0.0,0.0,0.0,8,1,11,2016,9814.46,4587.28,7582.626571428572,9798.795,6595.157255555557,5649.025,6729.881636363637,6805.117,6065.389869230769,7487.014,6737.633266666668,5196.265,6691.323764705882
2505027,2016-11-09,45,Produce,8950.921,215,45.2,0.0,0.0,0.0,0.0,0.0,0.0,0.0,0.0,0.0,0.0,0.0,9,2,11,2016,5252.484,7134.208,7450.732142857143,6023.311,6312.917922222222,7805.462,6315.683999999999,4410.329,6321.732792307692,4375.841,6478.518066666667,4746.243,6737.525588235295
2506809,2016-11-10,45,Produce,4258.644,1,44.62,0.0,0.0,0.0,0.0,1.0,0.0,0.0,0.0,0.0,0.0,0.0,10,3,11,2016,4641.12,7676.222,7358.066857142856,4401.51,6728.060111111111,9445.228,6224.684909090909,6890.285,6197.806330769231,6160.624,6610.693,7659.355,6607.977823529412
2508591,2016-11-11,45,Produce,5833.882,1,43.39,0.0,0.0,0.0,0.0,1.0,0.0,0.0,0.0,0.0,0.0,0.0,11,4,11,2016,6824.536,6214.988,6850.304142857143,7684.399,7227.082222222223,5433.438,6405.8895454545445,6535.222,6113.669869230769,7848.884,6670.8644,3601.821,6434.01894117647
2510373,2016-11-12,45,Produce,6851.208,1,43.35666666666667,0.0,0.0,0.0,0.0,1.0,0.0,0.0,0.0,0.0,0.0,0.0,12,5,11,2016,3701.268,7272.487,6857.9955714285725,4466.426,7267.608222222222,4451.696,6490.794,7072.365,6084.560792307691,9429.904,6627.771933333333,5604.52,6339.574588235294
2512155,2016-11-13,45,Produce,9899.688,1,43.32333333333333,0.0,0.0,0.0,0.0,0.0,0.0,0.0,0.0,0.0,0.0,0.0,13,6,11,2016,5339.457,9814.46,6813.756714285714,5568.345,6688.551,7352.665,6557.602272727273,5787.806,6251.8451,6253.457,6558.2896,7052.782,6607.234764705883
2513937,2016-11-14,45,Produce,5265.289,0,43.29,0.0,0.0,0.0,0.0,0.0,0.0,0.0,0.0,0.0,0.0,0.0,14,0,11,2016,6199.983,5252.484,6245.906142857143,8195.748,6811.984,4090.298,6434.218909090909,5276.8853,6422.48986923077,4707.895,6465.686000000001,9702.654,6636.340470588235
2515719,2016-11-15,45,Produce,4272.166,0,45.86,0.0,0.0,0.0,0.0,0.0,0.0,0.0,0.0,0.0,0.0,0.0,15,1,11,2016,7772.067,4641.12,6120.830285714285,10463.117,7175.840888888889,5598.96,6471.486181818182,8247.831,6296.808638461539,8098.202,6626.290400000001,5961.712,6431.917411764706
2517501,2016-11-16,45,Produce,8190.809,217,45.56,0.0,0.0,0.0,0.0,0.0,0.0,0.0,0.0,0.0,0.0,0.0,16,2,11,2016,4168.072,6824.536,5967.615428571428,8806.823,7012.573,7735.261,5980.298727272727,4541.594,6585.68186923077,4326.712,6440.781266666667,4870.371,6356.449294117648
2519283,2016-11-17,45,Produce,4202.376,5,45.37,0.0,0.0,0.0,0.0,0.0,0.0,0.0,0.0,0.0,0.0,0.0,17,3,11,2016,4666.214,3701.268,5675.845,4587.28,7324.357555555554,9226.803,6031.161000000001,5839.923,6394.873407692308,6359.03,6671.200066666667,7862.945,6257.84405882353
2521065,2016-11-18,45,Produce,5626.88,8,45.69,0.0,0.0,0.0,0.0,0.0,0.0,0.0,0.0,0.0,0.0,0.0,18,4,11,2016,8282.65,5339.457,5520.928999999999,7134.208,7796.148111111111,5344.789,6302.312818181818,7528.642,6348.031099999999,7773.406,6754.376666666666,4749.774,6271.422411764705
2522847,2016-11-19,45,Produce,7578.295,8,46.28666666666666,0.0,0.0,0.0,0.0,0.0,0.0,0.0,0.0,0.0,0.0,0.0,19,5,11,2016,6469.252,6199.983,5524.513857142857,7676.222,7469.118777777777,4291.808,6451.2198181818185,8054.072,6342.62933076923,9284.649,6782.936533333333,5679.899,6255.65594117647
2524629,2016-11-20,45,Produce,9959.198,8,46.88333333333333,0.0,0.0,0.0,0.0,0.0,0.0,0.0,0.0,0.0,0.0,0.0,20,6,11,2016,7259.047,7772.067,5732.815857142858,6214.988,6822.230222222222,8215.402,6603.299363636364,6502.297,6539.884946153847,5684.126,6552.689733333334,7748.065,6632.495764705884
2526411,2016-11-21,45,Produce,6286.252,8,47.48,0.0,0.0,0.0,0.0,0.0,0.0,0.0,0.0,0.0,0.0,0.0,21,0,11,2016,7061.853,4168.072,6128.242142857142,7272.487,6601.976111111111,4042.166,6518.765545454546,5171.261,6585.8753307692305,4460.277,6537.1884,9310.615,6673.734588235294
2528193,2016-11-22,45,Produce,4959.253,8,48.07,0.0,0.0,0.0,0.0,0.0,0.0,0.0,0.0,0.0,0.0,0.0,22,1,11,2016,9703.995,4666.214,6402.469285714286,9814.46,6503.530333333333,5992.923,6475.136363636364,8165.681,6300.319407692308,7144.335,6716.6206,5780.274,6594.043647058824
2529975,2016-11-23,45,Produce,8141.338,220,46.72,0.0,0.0,0.0,0.0,0.0,0.0,0.0,0.0,0.0,0.0,0.0,23,2,11,2016,6531.018,8282.65,6525.5935714285715,5252.484,6304.113555555556,7434.366,5972.243181818182,4409.775,6529.189407692307,4704.377,6511.9868,4526.866,6543.054176470589
2531757,2016-11-24,45,Produce,4080.079,6,46.72,0.0,0.0,0.0,0.0,0.0,0.0,0.0,0.0,0.0,0.0,0.0,24,3,11,2016,5033.384,6469.252,6801.583285714286,4641.12,6140.087,8990.642,5986.812,5926.272,6468.147407692308,7832.123,6617.104,8005.477,6483.584529411765
2533539,2016-11-25,45,Produce,5160.388,6,46.72,0.0,0.0,0.0,1.0,0.0,0.0,0.0,0.0,0.0,0.0,0.0,25,4,11,2016,8950.921,7259.047,7139.147,6824.536,6313.095777777777,5763.173,6408.59209090909,7002.142,6400.252792307693,7408.273,6755.9434,3519.976,6547.322823529412
2535321,2016-11-26,45,Produce,7651.9473,6,46.36666666666667,0.0,0.0,0.0,0.0,0.0,0.0,0.0,0.0,0.0,0.0,0.0,26,5,11,2016,4258.644,7061.853,7191.599857142857,3701.268,5968.160777777778,4669.088,6631.4404545454545,8352.129,6374.716100000001,8277.282,6899.413799999999,4977.075,6544.133294117647
2537103,2016-11-27,45,Produce,9783.342,6,46.01333333333333,0.0,0.0,0.0,0.0,0.0,0.0,0.0,0.0,0.0,0.0,0.0,27,6,11,2016,5833.882,9703.995,7287.067142857143,5339.457,5396.133444444445,7255.34,6792.579818181818,5874.7603,6539.652638461538,5976.202,6657.205133333334,7391.325,6852.757764705883
2538885,2016-11-28,45,Produce,5778.886,6,45.66,0.0,0.0,0.0,1.0,0.0,0.0,0.0,0.0,0.0,0.0,0.0,28,0,11,2016,6851.208,6531.018,6971.2660000000005,6199.983,5732.818555555556,3694.978,6698.160090909091,4535.604,6649.551792307692,6020.937,6610.964866666666,10008.098,6899.925470588236
2540667,2016-11-29,45,Produce,4485.326,7,45.29,0.0,0.0,0.0,0.0,0.0,0.0,0.0,0.0,0.0,0.0,0.0,29,1,11,2016,9899.688,5033.384,6767.671,7772.067,5935.944333333333,5505.046,6759.444909090909,7516.904,6463.115561538462,7399.378,6835.867666666667,6305.58,6732.520352941176
2542449,2016-11-30,45,Produce,8150.385,227,49.41,0.0,0.0,0.0,0.0,0.0,0.0,0.0,0.0,0.0,0.0,0.0,30,2,11,2016,5265.289,8950.921,6737.578857142857,4168.072,5984.223333333332,8931.389,6347.520027272727,5046.377,6761.813946153846,5028.695,6637.498866666666,5698.036,6688.751176470589
2544231,2016-12-01,45,Produce,5392.394,6,51.08,0.0,0.0,0.0,0.0,0.0,0.0,0.0,0.0,0.0,0.0,0.0,1,3,12,2016,4272.166,4258.644,6765.535000000001,4666.214,6357.621666666667,10666.734,6366.496845454545,6646.012,6660.554407692307,5903.47,6702.297733333334,8835.833,6620.279235294118
2546013,2016-12-02,45,Produce,6313.542,5,51.7,0.0,0.0,0.0,0.0,0.0,0.0,0.0,0.0,0.0,0.0,0.0,2,4,12,2016,8190.809,5833.882,6584.716571428571,8282.65,6842.570333333333,5814.699,6709.496936363636,7722.095,6556.468484615385,8441.621,6652.016866666667,4950.728,6683.158588235294
2547795,2016-12-03,45,Produce,7906.9,5,51.70666666666667,0.0,0.0,0.0,0.0,0.0,0.0,0.0,0.0,0.0,0.0,0.0,3,5,12,2016,4202.376,6851.208,6475.971142857144,6469.252,6879.352,4954.306,6940.720118181818,8646.472,6514.417176923078,9925.462,6703.2182,5953.922,6666.474058823529
2549577,2016-12-04,45,Produce,9291.322,5,51.71333333333333,0.0,0.0,0.0,0.0,0.0,0.0,0.0,0.0,0.0,0.0,0.0,4,6,12,2016,5626.88,9899.688,6367.383714285715,7259.047,6575.053888888889,8108.499,7152.386754545455,6599.95,6789.068538461537,5651.519,6531.4874,7808.723,6981.1446470588235
2551359,2016-12-05,45,Produce,5652.079,5,51.72,1.0,0.0,0.0,0.0,0.0,0.0,0.0,0.0,0.0,0.0,0.0,5,0,12,2016,7578.295,5265.289,6359.345428571428,7061.853,7106.481555555555,4459.4683,7052.065300000001,5742.01,6858.132692307693,4990.522,6404.103666666666,9996.39,7033.097352941177
2553141,2016-12-06,45,Produce,7391.53,4,50.95,0.0,0.0,0.0,0.0,1.0,0.0,0.0,0.0,0.0,0.0,0.0,6,1,12,2016,9959.198,4272.166,6329.773714285714,9703.995,7061.196,5971.918,6938.702572727273,8292.854,6622.347461538461,7833.819,6509.1426,6481.75,6893.039176470588
2554923,2016-12-07,45,Produce,8689.907,225,49.85,0.0,0.0,0.0,0.0,0.0,0.0,0.0,0.0,0.0,0.0,0.0,7,2,12,2016,6286.252,8190.809,6433.643285714286,6531.018,6789.1106666666665,8442.089,6375.038209090909,4609.898,6799.75423076923,4168.803,6318.062733333334,4902.178,6807.209705882353
2556705,2016-12-08,45,Produce,4782.48,9,50.84,0.0,0.0,0.0,0.0,1.0,0.0,0.0,0.0,0.0,0.0,0.0,8,3,12,2016,4959.253,4202.376,6442.144714285714,5033.384,6831.550222222223,9798.795,6352.642390909092,5649.025,6603.160846153846,5676.36,6447.0101466666665,8566.539,6751.5149411764705
2558487,2016-12-09,45,Produce,5919.72,11,51.51,0.0,0.0,0.0,0.0,0.0,0.0,0.0,0.0,0.0,0.0,0.0,9,4,12,2016,8141.338,5626.88,6587.996571428572,8950.921,7124.954777777779,6023.311,6647.318936363637,7805.462,6439.842769230769,7077.91,6635.631346666666,4616.251,6789.465529411764
2560269,2016-12-10,45,Produce,7292.159,11,51.92,0.0,0.0,0.0,0.0,0.0,0.0,0.0,0.0,0.0,0.0,0.0,10,5,12,2016,4080.079,7578.295,6686.151857142858,4258.644,6925.336555555556,4401.51,6861.375118181819,9445.228,6369.749615384615,8176.293,6548.34988,5595.815,6752.317264705883
2562051,2016-12-11,45,Produce,8830.561,11,52.33,0.0,0.0,0.0,0.0,0.0,0.0,0.0,0.0,0.0,0.0,0.0,11,6,12,2016,5160.388,9959.198,6679.084571428571,5833.882,6321.799999999999,7684.399,7256.589181818182,5433.438,6571.815230769231,5701.32,6299.644546666666,7721.84,7040.8274411764705
2563833,2016-12-12,45,Produce,5788.497,10,52.74,0.0,0.0,0.0,0.0,0.0,0.0,0.0,0.0,0.0,0.0,0.0,12,0,12,2016,7651.9473,6286.252,6661.613571428571,6851.208,6506.221222222222,4466.426,7130.713000000001,4451.696,6541.259769230769,4065.446,6254.642613333333,8869.376,7160.6491470588235
2565615,2016-12-13,45,Produce,4605.531,11,52.99,0.0,0.0,0.0,0.0,0.0,0.0,0.0,0.0,0.0,0.0,0.0,13,1,12,2016,9783.342,4959.253,6594.9718571428575,9899.688,6413.887000000001,5568.345,7011.814727272727,7352.665,6233.487,7596.521,6411.5659466666675,5860.271,7195.884382352941
2567397,2016-12-14,45,Produce,8362.582,221,51.01,0.0,0.0,0.0,0.0,0.0,0.0,0.0,0.0,0.0,0.0,0.0,14,2,12,2016,5778.886,8141.338,6605.493614285714,5265.289,6044.549111111111,8195.748,6818.853545454545,4090.298,6510.833461538462,4533.18,6192.83788,5010.336,7327.60344117647
2569179,2016-12-15,45,Produce,4893.286,13,50.9,0.0,0.0,0.0,0.0,0.0,0.0,0.0,0.0,0.0,0.0,0.0,15,3,12,2016,4485.326,4080.079,6580.371328571428,4272.166,6413.399222222222,10463.117,6836.278727272726,5598.96,6387.228923076923,6962.9062,6267.99348,8548.997,7538.222794117646
2570961,2016-12-16,45,Produce,6611.6,13,51.93,0.0,0.0,0.0,0.0,0.0,0.0,0.0,0.0,0.0,0.0,0.0,16,4,12,2016,8150.385,5160.388,6507.890471428572,8190.809,6871.767666666667,8806.823,7097.2766363636365,7735.261,6247.802846153845,8732.788,6411.873680000001,5358.769,7693.547264705882
2572743,2016-12-17,45,Produce,7569.205,12,51.99666666666667,0.0,0.0,0.0,0.0,0.0,0.0,0.0,0.0,0.0,0.0,0.0,17,5,12,2016,5392.394,7651.9473,6440.186614285713,4202.376,6808.994777777778,4587.28,7290.918545454545,9226.803,6093.121153846155,7132.399,6505.093946666666,6343.196,7589.989676470588
2574525,2016-12-18,45,Produce,9589.714,12,52.06333333333333,0.0,0.0,0.0,0.0,0.0,0.0,0.0,0.0,0.0,0.0,0.0,18,6,12,2016,6313.542,9783.342,6441.479042857143,5626.88,6260.057555555555,7134.208,7362.378363636365,5344.789,6366.752230769231,6194.882,6309.768946666667,8204.3125,7716.974676470589
2576307,2016-12-19,45,Produce,7638.946,12,52.13,0.0,0.0,0.0,0.0,0.0,0.0,0.0,0.0,0.0,0.0,0.0,19,0,12,2016,7906.9,5778.886,6628.952614285715,7578.295,6579.618555555556,7676.222,7278.085181818183,4291.808,6467.635076923077,4976.49,6209.5754799999995,9855.401,7838.973088235293
2578089,2016-12-20,45,Produce,6621.351,10,52.22,0.0,0.0,0.0,0.0,0.0,0.0,0.0,0.0,0.0,0.0,0.0,20,1,12,2016,9291.322,4485.326,6793.6889,9959.198,6558.275555555556,6214.988,7153.4295454545445,8215.402,6261.2060769230775,7344.372,6396.3636799999995,7990.891,8039.094147058823
2579871,2016-12-21,45,Produce,10567.196,226,51.44,0.0,1.0,0.0,0.0,0.0,0.0,0.0,0.0,0.0,0.0,0.0,21,2,12,2016,5652.079,8150.385,6830.110714285714,6286.252,6221.562111111111,7272.487,6538.716,4042.166,6504.670846153846,4552.898,6154.8306133333335,8407.722,8015.897852941176
2581653,2016-12-22,45,Produce,8026.539,9,51.98,0.0,1.0,0.0,0.0,1.0,0.0,0.0,0.0,0.0,0.0,0.0,22,3,12,2016,7391.53,5392.394,6759.822142857143,4959.253,6604.847811111111,9814.46,6223.500909090909,5992.923,6358.210692307693,5296.137,6327.492346666667,12235.614,8282.574676470587
2583435,2016-12-23,45,Produce,10201.671,8,52.01,0.0,1.0,0.0,0.0,0.0,0.0,0.0,0.0,0.0,0.0,0.0,23,4,12,2016,8689.907,6313.542,6741.706857142858,8141.338,7066.676922222223,5252.484,6370.110272727273,7434.366,6186.655692307692,7834.563,6410.0472,10062.279,8675.758441176471
2585217,2016-12-24,45,Produce,9333.982,7,52.2125,0.0,1.0,0.0,0.0,0.0,0.0,0.0,0.0,0.0,0.0,0.0,24,5,12,2016,4782.48,7906.9,7156.878857142858,4080.079,6866.742588888889,4641.12,6428.097454545455,8990.642,6163.9315384615375,8476.214,6461.3452,7542.694,8673.442735294117
2586999,2016-12-26,45,Produce,8686.432,7,52.6175,0.0,1.0,0.0,0.0,0.0,0.0,0.0,0.0,0.0,0.0,0.0,26,0,12,2016,5919.72,9291.322,7233.953428571428,5160.388,6258.534588888889,6824.536,6109.174727272728,5763.173,6573.311923076923,5246.418,6423.600066666666,6806.06,8731.104029411763
2588781,2016-12-27,45,Produce,6257.832,7,52.82,0.0,0.0,0.0,0.0,0.0,0.0,0.0,0.0,0.0,0.0,0.0,27,1,12,2016,7292.159,5652.079,7146.822857142856,7651.9473,6465.6604777777775,3701.268,5968.377090909091,4669.088,6690.457384615384,4198.418,6327.817733333333,6774.996,8908.625676470589
2590563,2016-12-28,45,Produce,9642.773,223,54.01,0.0,0.0,0.0,0.0,0.0,0.0,0.0,0.0,0.0,0.0,0.0,28,2,12,2016,8830.561,7391.53,7090.562571428571,9783.342,6513.787255555555,5339.457,6060.210090909091,7255.34,6439.603846153846,6867.269,6554.825933333333,7669.788,8741.333999999999
2592345,2016-12-29,45,Produce,6941.086,9,53.8,0.0,0.0,0.0,0.0,0.0,0.0,0.0,0.0,0.0,0.0,0.0,29,3,12,2016,5788.497,8689.907,7002.742428571429,5778.886,6310.69881111111,6199.983,5756.100272727273,3694.978,6752.398692307692,3973.525,6367.972733333332,11123.898,8544.49405882353
2594127,2016-12-30,45,Produce,10264.326,8,53.75,0.0,0.0,0.0,0.0,0.0,0.0,0.0,0.0,0.0,0.0,0.0,30,4,12,2016,4605.531,4782.48,6936.919428571428,4485.326,6735.901144444444,7772.067,5938.515090909091,5505.046,6634.440638461539,7123.106,6447.272333333333,8475.039,8597.696411764706
2595909,2016-12-31,45,Produce,7747.129,7,53.4025,0.0,1.0,0.0,0.0,0.0,0.0,0.0,0.0,0.0,0.0,0.0,31,5,12,2016,8362.582,5919.72,6956.407714285714,8150.385,7194.893811111111,4168.072,6158.581727272728,8931.389,6521.9446384615385,8201.229,6580.418466666667,10393.777,8715.768352941177
2599473,2017-01-02,45,Produce,12757.507,6,52.707499999999996,0.0,0.0,0.0,0.0,0.0,0.0,0.0,0.0,0.0,0.0,1.0,2,0,1,2017,4893.286,7292.159,6558.407857142856,5392.394,6972.686222222223,4666.214,6420.3507272727265,10666.734,6479.748253846154,9502.258,6632.933266666665,11694.46,8320.357529411765
2601255,2017-01-03,45,Produce,9586.257,7,52.36,0.0,0.0,0.0,0.0,0.0,0.0,0.0,0.0,0.0,0.0,0.0,3,1,1,2017,6611.6,8830.561,6511.647142857143,6313.542,6706.9293333333335,8282.65,6677.600727272728,5814.699,6790.180715384616,6566.222,6462.163866666667,8509.63,8051.5801764705875
2603037,2017-01-04,45,Produce,9908.624,231,53.26,0.0,0.0,0.0,0.0,0.0,0.0,0.0,0.0,0.0,0.0,0.0,4,2,1,2017,7569.205,5788.497,6527.476571428572,7906.9,7030.376111111111,6469.252,6649.775909090909,4954.306,6894.351715384615,4758.147,6431.180266666666,6339.011,8064.878823529412
2604819,2017-01-05,45,Produce,6420.398,8,53.77,0.0,0.0,0.0,0.0,0.0,0.0,0.0,0.0,0.0,0.0,0.0,5,3,1,2017,9589.714,4605.531,6626.3165714285715,9291.322,7063.393222222222,7259.047,6899.861181818182,8108.499,6674.826330769231,8381.613,6620.581666666667,9361.064,7934.006176470589
2606601,2017-01-06,45,Produce,7035.477,9,53.98,0.0,0.0,0.0,0.0,0.0,0.0,0.0,0.0,0.0,0.0,0.0,6,4,1,2017,7638.946,8362.582,6665.894571428572,5652.079,6815.5415555555555,7061.853,6580.459090909091,4459.4683,6981.704869230769,4541.574,6452.317599999999,5360.354,7891.5372941176465
2608383,2017-01-07,45,Produce,9287.525,9,53.303333333333335,0.0,0.0,0.0,0.0,0.0,0.0,0.0,0.0,0.0,0.0,0.0,7,5,1,2017,6621.351,4893.286,6774.345,7391.53,7026.626555555556,9703.995,6731.896363636363,5971.918,6901.811023076923,5742.392,6580.947133333333,6509.122,7949.73594117647
2610165,2017-01-08,45,Produce,9915.291,8,52.626666666666665,0.0,0.0,0.0,0.0,0.0,0.0,0.0,0.0,0.0,0.0,0.0,8,6,1,2017,10567.196,6611.6,7038.6948571428575,8689.907,7306.295333333333,6531.018,6930.532181818181,8442.089,6643.115330769231,7293.329,6619.125666666666,8895.331,7890.349823529411
2611947,2017-01-09,45,Produce,6085.19,8,51.95,0.0,0.0,0.0,0.0,0.0,0.0,0.0,0.0,0.0,0.0,0.0,9,0,1,2017,8026.539,7569.205,7326.669142857143,4782.48,7070.917222222222,5033.384,7077.535636363637,9798.795,6453.039484615384,8622.285,6606.814133333333,10414.945,7741.8099999999995
2613729,2017-01-10,45,Produce,4977.415,9,50.82,0.0,0.0,0.0,0.0,0.0,0.0,0.0,0.0,0.0,0.0,0.0,10,1,1,2017,10201.671,9589.714,7641.614,5919.72,6550.2737777777775,8950.921,6968.084454545454,6023.311,6810.6101,5914.673,6286.360466666666,5513.63,7420.8417058823525
2615511,2017-01-11,45,Produce,8693.855,221,52.19,0.0,0.0,0.0,0.0,0.0,0.0,0.0,0.0,0.0,0.0,0.0,11,2,1,2017,9333.982,7638.946,8089.221571428571,7292.159,6851.440777777778,4258.644,6696.549818181819,4401.51,7106.957561538462,4781.664,6180.4837333333335,5493.064,7252.0408823529415
2617293,2017-01-12,45,Produce,4589.475,9,53.01,0.0,0.0,0.0,0.0,0.0,0.0,0.0,0.0,0.0,0.0,0.0,12,3,1,2017,8686.432,6621.351,8602.088857142857,8830.561,6573.858111111111,5833.882,6799.182181818182,7684.399,6836.094561538462,7039.439,6374.596733333333,7768.771,7016.814764705882
2619075,2017-01-13,45,Produce,6221.597,9,52.36,0.0,0.0,0.0,0.0,0.0,0.0,0.0,0.0,0.0,0.0,0.0,13,4,1,2017,6257.832,10567.196,8854.199857142858,5788.497,6342.935111111111,6851.208,6299.035,4466.426,7041.843769230769,4343.308,6118.119733333332,4581.225,7001.078882352941
2620857,2017-01-14,45,Produce,8046.884,9,52.3825,0.0,0.0,0.0,0.0,0.0,0.0,0.0,0.0,0.0,0.0,0.0,14,5,1,2017,9642.773,8026.539,8725.15957142857,4605.531,6652.571222222223,9899.688,6216.840636363637,5568.345,7172.944076923077,5902.968,6189.1008,6053.025,6931.940470588235
2622639,2017-01-15,45,Produce,10420.441,10,52.405,0.0,0.0,0.0,0.0,0.0,0.0,0.0,0.0,0.0,0.0,0.0,15,6,1,2017,6941.086,10201.671,8527.857571428573,8362.582,7060.348333333332,5265.289,6448.196181818182,8195.748,7001.628615384616,7695.784,6244.342133333334,8659.165,7200.8740588235305
2624421,2017-01-16,45,Produce,6589.278,10,52.4275,0.0,0.0,0.0,0.0,0.0,0.0,0.0,0.0,0.0,0.0,0.0,16,0,1,2017,10264.326,9333.982,8959.489285714286,4893.286,7098.880222222222,4272.166,6539.857727272727,10463.117,6807.297230769231,8016.556,6285.667733333333,10114.334,7159.917941176471
2626203,2017-01-17,45,Produce,4973.951,9,52.45,0.0,0.0,0.0,0.0,0.0,0.0,0.0,0.0,0.0,0.0,0.0,17,1,1,2017,7747.129,8686.432,8441.473571428573,6611.6,6853.412444444445,8190.809,6724.1857272727275,8806.823,7098.924076923077,4695.453,6082.462333333333,5949.862,6921.804
2627985,2017-01-18,45,Produce,8137.004,224,51.12,0.0,0.0,0.0,0.0,0.0,0.0,0.0,0.0,0.0,0.0,0.0,18,2,1,2017,12757.507,6257.832,8761.157428571429,7569.205,7384.378999999999,4202.376,6644.674,4587.28,7164.383615384615,4978.071,5974.058266666666,4937.316,6772.697294117647
2629767,2017-01-19,45,Produce,4792.652,9,51.39,0.0,0.0,0.0,0.0,0.0,0.0,0.0,0.0,0.0,0.0,0.0,19,3,1,2017,9586.257,9642.773,8410.50857142857,9589.714,7764.490999999999,5626.88,6761.958545454546,7134.208,6930.285230769231,7669.842,6112.090266666666,8824.846,6708.3899411764705
2631549,2017-01-20,45,Produce,6108.202,11,52.33,0.0,0.0,0.0,0.0,0.0,0.0,0.0,0.0,0.0,0.0,0.0,20,4,1,2017,9908.624,6941.086,8899.583571428571,7638.946,7968.834222222223,7578.295,6232.903181818182,7676.222,7111.6783076923075,4534.458,5922.9239333333335,4510.786,6728.638470588236
2633331,2017-01-21,45,Produce,8523.004,11,52.47666666666667,0.0,0.0,0.0,0.0,0.0,0.0,0.0,0.0,0.0,0.0,0.0,21,5,1,2017,6420.398,10264.326,9028.13,6621.351,8462.244888888888,9959.198,6223.366727272727,6214.988,6968.057,5606.29,6031.5784,6071.501,6787.697117647059
2635113,2017-01-22,45,Produce,10507.3125,10,52.623333333333335,0.0,0.0,0.0,0.0,0.0,0.0,0.0,0.0,0.0,0.0,0.0,22,6,1,2017,7035.477,7747.129,9549.671714285712,10567.196,8692.781777777778,6286.252,6530.6195727272725,7272.487,6748.342307692307,6571.012,6098.291066666667,8185.711,7141.555205882353
2636895,2017-01-23,45,Produce,6029.853,9,52.77,0.0,0.0,0.0,0.0,0.0,0.0,0.0,0.0,0.0,0.0,0.0,23,0,1,2017,9287.525,12757.507,9089.332428571428,8026.539,8547.073666666667,4959.253,6675.3953,9814.46,6420.408923076923,7913.213,6148.879866666667,9932.225,7222.804794117646
2638677,2017-01-24,45,Produce,5053.968,9,52.38,0.0,0.0,0.0,0.0,0.0,0.0,0.0,0.0,0.0,0.0,0.0,24,1,1,2017,9915.291,9586.257,9102.816857142858,10201.671,8552.96911111111,8141.338,6818.71439090909,5252.484,6340.8123076923075,5574.204,6102.932733333333,5812.868,7027.712852941177
2640459,2017-01-25,45,Produce,8315.1,229,52.14,0.0,0.0,0.0,0.0,0.0,0.0,0.0,0.0,0.0,0.0,0.0,25,2,1,2017,6085.19,9908.624,8963.273857142858,9333.982,8475.42911111111,4080.079,6714.936754545453,4641.12,6308.565538461538,4288.612,6134.5669333333335,4847.394,6941.421205882353
2642241,2017-01-26,45,Produce,4270.924,4,53.24,0.0,0.0,0.0,0.0,0.0,0.0,0.0,0.0,0.0,0.0,0.0,26,3,1,2017,4977.415,6420.398,9273.011285714285,8686.432,8880.20411111111,5160.388,6766.944936363637,6824.536,6118.719846153846,6852.144,6352.154533333333,7880.131,6848.525970588235
2644023,2017-01-27,45,Produce,5866.502,4,53.18,0.0,0.0,0.0,0.0,0.0,0.0,0.0,0.0,0.0,0.0,0.0,27,4,1,2017,8693.855,7035.477,8319.823142857142,6257.832,8566.863333333335,7651.9473,6351.780936363636,3701.268,6165.368153846153,4201.944,6168.523266666667,4420.405,6913.780852941177
2645805,2017-01-28,45,Produce,8309.663,4,52.99666666666667,0.0,0.0,0.0,0.0,0.0,0.0,0.0,0.0,0.0,0.0,0.0,28,5,1,2017,4589.475,9287.525,7661.417142857143,9642.773,9092.526444444444,9783.342,6354.261845454545,5339.457,6184.926923076923,5973.125,6276.401933333334,5837.289,6847.660911764706
2647587,2017-01-29,45,Produce,9737.769,3,52.81333333333333,0.0,0.0,0.0,0.0,0.0,0.0,0.0,0.0,0.0,0.0,0.0,29,6,1,2017,6221.597,9915.291,7487.878714285714,6941.086,9024.14711111111,5778.886,6622.229754545455,6199.983,6183.893076923077,6903.658,6364.895733333334,8772.768,6960.5675
2649369,2017-01-30,45,Produce,5792.443,3,52.63,0.0,0.0,0.0,0.0,0.0,0.0,0.0,0.0,0.0,0.0,0.0,30,0,1,2017,8046.884,6085.19,7226.318285714285,10264.326,9087.996222222222,4485.326,6726.773754545455,7772.067,5972.154076923077,8454.616,6453.9655999999995,10596.8125,7021.761688235294
2651151,2017-01-31,45,Produce,5533.341,3,52.75,0.0,0.0,0.0,0.0,0.0,0.0,0.0,0.0,0.0,0.0,0.0,31,1,1,2017,10420.441,4977.415,7110.049714285714,7747.129,8836.214666666667,8150.385,6869.682845454546,4168.072,6314.5779999999995,7327.349,6318.3764666666675,7434.268,7011.274570588235
2652933,2017-02-01,45,Produce,10684.707,235,53.9,0.0,0.0,0.0,0.0,0.0,0.0,0.0,0.0,0.0,0.0,0.0,1,2,2,2017,6589.278,8693.855,6932.815285714286,12757.507,8922.619666666667,5392.394,7072.513936363637,4666.214,6459.95476923077,5169.966,6232.3571999999995,5342.602,6928.20904117647
2654715,2017-02-02,45,Produce,5060.51,4,53.55,0.0,0.0,0.0,0.0,0.0,0.0,0.0,0.0,0.0,0.0,0.0,2,3,2,2017,4973.951,4589.475,7004.979571428571,9586.257,8883.147666666666,6313.542,7166.87390909091,8282.65,6322.173846153846,8241.885,6400.1242,8647.376,6872.1321
2656497,2017-02-03,45,Produce,6495.322,4,53.81,0.0,0.0,0.0,0.0,0.0,0.0,0.0,0.0,0.0,0.0,0.0,3,4,2,2017,8137.004,6221.597,7076.992142857144,9908.624,9213.61488888889,7906.9,6712.250090909091,6469.252,6725.993307692308,4915.373,6237.336533333333,4370.643,6961.809923529412
2658279,2017-02-04,45,Produce,9106.17,0,53.54333333333334,0.0,0.0,0.0,0.0,0.0,0.0,0.0,0.0,0.0,0.0,0.0,4,5,2,2017,4792.652,8046.884,7076.497285714286,6420.398,8749.266444444445,9291.322,6725.053181818183,7259.047,6642.8538461538465,6152.638,6416.559266666666,6046.649,6930.042805882353
2660061,2017-02-05,45,Produce,9927.081,4,53.276666666666664,0.0,0.0,0.0,0.0,0.0,0.0,0.0,0.0,0.0,0.0,0.0,5,6,2,2017,6108.202,10420.441,6996.947142857142,7035.477,8441.520444444444,5652.079,6980.2198181818185,7061.853,6614.69223076923,6933.697,6454.0324,7700.807,7177.052070588235
2661843,2017-02-06,45,Produce,6427.989,4,53.01,0.0,0.0,0.0,0.0,0.0,0.0,0.0,0.0,0.0,0.0,0.0,6,0,2,2017,8523.004,6589.278,7025.972428571428,9287.525,7990.003555555556,7391.53,7042.054,9703.995,6543.856923076923,7907.06,6465.279533333333,6430.198,7215.377541176471
2663625,2017-02-07,45,Produce,5013.429,4,52.19,0.0,0.0,0.0,0.0,0.0,0.0,0.0,0.0,0.0,0.0,0.0,7,1,2,2017,10507.3125,4973.951,7009.773142857142,9915.291,7434.805555555556,8689.907,7078.063363636364,6531.018,6984.750461538462,5879.376,6287.492199999999,7111.8022,7019.909952941177
2665407,2017-02-08,45,Produce,8737.561,233,52.37,0.0,0.0,0.0,0.0,0.0,0.0,0.0,0.0,0.0,0.0,0.0,8,2,2,2017,6029.853,8137.004,7077.790285714286,6085.19,7025.135888888889,4782.48,6922.7896363636355,5033.384,7030.833153846153,4283.915,6150.794620000001,8007.43,6941.411629411765
2667189,2017-02-09,45,Produce,4523.976,4,52.99,0.0,0.0,0.0,0.0,0.0,0.0,0.0,0.0,0.0,0.0,0.0,9,3,2,2017,5053.968,4792.652,7090.2005,4977.415,7205.856555555556,5919.72,6964.215272727273,8950.921,6722.334384615386,6805.117,6355.98562,8520.111,6764.578629411765
2668971,2017-02-10,45,Produce,6162.775,0,53.84,0.0,0.0,0.0,0.0,0.0,0.0,0.0,0.0,0.0,0.0,0.0,10,4,2,2017,8315.1,6108.202,7010.2826428571425,8693.855,7581.9636666666665,7292.159,6564.393818181818,4258.644,6854.761846153846,4410.329,6109.299553333333,4859.56,6820.612805882353
2670753,2017-02-11,45,Produce,7822.764,4,53.54666666666667,0.0,0.0,0.0,0.0,0.0,0.0,0.0,0.0,0.0,0.0,0.0,11,5,2,2017,4270.924,8523.004,7021.713642857144,4589.475,7282.158444444445,8830.561,6651.6230000000005,5833.882,6619.633307692308,6890.285,6170.9362200000005,6371.917,6789.231864705883
2672535,2017-02-12,45,Produce,10138.097,4,53.25333333333334,0.0,0.0,0.0,0.0,0.0,0.0,0.0,0.0,0.0,0.0,0.0,12,6,2,2017,5866.502,10507.3125,7047.155928571429,6221.597,6733.120666666667,5788.497,6667.775272727274,6851.208,6509.25076923077,6535.222,6262.669819999999,7340.09,7142.883217647059
2674317,2017-02-13,45,Produce,6511.336,5,52.96,0.0,0.0,0.0,0.0,0.0,0.0,0.0,0.0,0.0,0.0,0.0,13,0,2,2017,8309.663,6029.853,6972.6233571428575,8046.884,6961.1,4605.531,6749.575909090909,9899.688,6345.735384615386,7072.365,6337.361486666666,8619.5625,7119.774582352941
2676099,2017-02-14,45,Produce,4542.375,5,53.21,0.0,0.0,0.0,0.0,0.0,0.0,0.0,0.0,0.0,0.0,0.0,14,1,2,2017,9737.769,5053.968,6938.094785714286,10420.441,6940.570777777778,8362.582,7009.254636363637,5265.289,6609.441538461538,5787.806,6243.71062,6488.822,6956.144347058824
2677881,2017-02-15,45,Produce,9154.716,223,53.11,0.0,0.0,0.0,0.0,0.0,0.0,0.0,0.0,0.0,0.0,0.0,15,2,2,2017,5792.443,8315.1,6907.617499999999,6589.278,6653.276000000001,4893.286,7073.039272727273,4272.166,6705.816000000001,5276.8853,6196.502953333333,5449.819,7033.092464705882
2679663,2017-02-16,45,Produce,4903.844,6,53.41,0.0,0.0,0.0,0.0,0.0,0.0,0.0,0.0,0.0,0.0,0.0,16,3,2,2017,5533.341,4270.924,6797.682714285714,4973.951,7090.334777777778,6611.6,7370.769909090909,8190.809,6398.764615384615,8247.831,6455.287353333333,9262.341,6887.02221764706
2681445,2017-02-17,45,Produce,6671.085,5,53.41,0.0,0.0,0.0,0.0,0.0,0.0,0.0,0.0,0.0,0.0,0.0,17,4,2,2017,10684.707,5866.502,6763.767000000001,8137.004,7566.525388888888,7569.205,7297.677,4202.376,6697.433384615385,4541.594,6295.597886666667,4428.107,6770.08944117647
2683227,2017-02-18,45,Produce,9133.181,5,53.5625,0.0,0.0,0.0,0.0,0.0,0.0,0.0,0.0,0.0,0.0,0.0,18,5,2,2017,5060.51,8309.663,6832.248857142858,4792.652,7342.410833333332,9589.714,7698.874636363635,5626.88,6562.525461538462,5839.923,6396.660753333334,6295.183,6794.534323529412
2685009,2017-02-19,45,Produce,7505.838,5,53.715,0.0,0.0,0.0,0.0,0.0,0.0,0.0,0.0,0.0,0.0,0.0,19,6,2,2017,6495.322,9737.769,7170.764142857143,6108.202,6746.136055555555,7638.946,8128.733818181819,7578.295,6432.4623846153845,7528.642,6404.117886666666,8113.9,7102.975970588235
2686791,2017-02-20,45,Produce,6578.801,3,53.8675,0.0,0.0,0.0,0.0,0.0,0.0,0.0,0.0,0.0,0.0,0.0,20,0,2,2017,9106.17,5792.443,7283.562142857144,8523.004,6937.894055555556,6621.351,8158.174727272726,9959.198,6259.559253846154,8054.072,6525.245019999999,10382.716,7090.851264705882
2688573,2017-02-21,45,Produce,5443.768,5,54.02,0.0,0.0,0.0,0.0,0.0,0.0,0.0,0.0,0.0,0.0,0.0,21,1,2,2017,9927.081,5533.341,7373.393571428572,10507.3125,6859.7799444444445,10567.196,8282.224363636364,6286.252,6607.101792307692,6502.297,6445.404706666667,5653.8022,7032.424558823529
2690355,2017-02-22,45,Produce,8355.227,225,53.61,0.0,0.0,0.0,0.0,0.0,0.0,0.0,0.0,0.0,0.0,0.0,22,2,2,2017,6427.989,10684.707,7487.180285714286,6029.853,6607.501944444444,8026.539,8557.785545454546,4959.253,6723.00333076923,5171.261,6361.924573333334,4919.093,7052.782382352941
2692137,2017-02-23,45,Produce,4789.269,5,54.48,0.0,0.0,0.0,0.0,0.0,0.0,0.0,0.0,0.0,0.0,0.0,23,3,2,2017,5013.429,5060.51,7514.224857142858,5053.968,6998.280944444445,10201.671,8500.683818181818,8141.338,6437.966176923077,8165.681,6511.259153333333,7738.316,6963.248029411764
2693919,2017-02-24,45,Produce,5460.126,5,53.99,0.0,0.0,0.0,0.0,0.0,0.0,0.0,0.0,0.0,0.0,0.0,24,4,2,2017,8737.561,6495.322,7605.017142857142,8315.1,7401.5661666666665,9333.982,8562.012181818181,4080.079,6741.659176923077,4409.775,6297.828886666667,4628.608,7029.381323529412
2695701,2017-02-25,45,Produce,7798.709,5,54.00666666666667,0.0,0.0,0.0,0.0,0.0,0.0,0.0,0.0,0.0,0.0,0.0,25,5,2,2017,4523.976,9106.17,7530.744,4270.924,7098.1705,8686.432,8571.847,5160.388,6723.621792307692,5926.272,6438.12342,6019.5728,6969.138794117646
2697483,2017-02-26,45,Produce,6865.382,5,54.02333333333333,0.0,0.0,0.0,0.0,0.0,0.0,0.0,0.0,0.0,0.0,0.0,26,6,2,2017,6162.775,9927.081,7252.580285714286,5866.502,6545.5070000000005,6257.832,9129.679363636364,7651.9473,6626.3331,7002.142,6563.601553333333,8935.674,7338.175676470589
2699265,2017-02-27,45,Produce,6431.9,5,54.04,0.0,0.0,0.0,0.0,0.0,1.0,0.0,0.0,0.0,0.0,0.0,27,0,2,2017,7822.764,6427.989,7175.9325714285715,8309.663,7062.713,9642.773,9040.503090909091,9783.342,6468.464023076924,8352.129,6638.123553333334,10103.068,7304.263970588236
2701047,2017-02-28,45,Produce,9071.393,4,54.0,0.0,0.0,0.0,0.0,0.0,1.0,0.0,0.0,0.0,0.0,0.0,28,1,2,2017,10138.097,5013.429,7128.425857142857,9737.769,7063.43988888889,6941.086,9211.601727272726,5778.886,6699.623253846154,5874.7603,6541.182086666667,6165.797,7094.429264705883
2702829,2017-03-01,45,Produce,10743.61,225,53.82,0.0,0.0,0.0,0.0,0.0,0.0,0.0,0.0,0.0,0.0,0.0,1,2,3,2017,6511.336,8737.561,6945.0821428571435,5792.443,6861.242333333334,10264.326,8867.849636363637,4485.326,6752.917561538461,4535.604,6490.4962866666665,6346.836,6939.66844117647
2704611,2017-03-02,45,Produce,5813.59,6,52.63,0.0,0.0,0.0,0.0,1.0,0.0,0.0,0.0,0.0,0.0,0.0,2,3,3,2017,4542.375,4523.976,6975.227285714286,5533.341,7398.491888888889,7747.129,8658.894636363637,8150.385,6695.240023076923,7516.904,6698.602486666667,8965.6455,6849.123076470589
2706393,2017-03-03,45,Produce,6543.248,5,53.33,0.0,0.0,0.0,0.0,0.0,0.0,0.0,0.0,0.0,0.0,0.0,3,4,3,2017,9154.716,6162.775,6987.133999999999,10684.707,7849.667333333335,12757.507,8713.539454545455,5392.394,7049.842176923077,5046.377,6461.550286666667,4966.738,6917.435723529411
2708175,2017-03-04,45,Produce,8012.476,6,53.28333333333333,0.0,0.0,0.0,0.0,0.0,0.0,0.0,0.0,0.0,0.0,0.0,4,5,3,2017,4903.844,7822.764,6919.840571428571,5060.51,7640.592444444444,9586.257,9046.035727272727,6313.542,7020.772330769231,6646.012,6544.166953333333,6574.085,6907.769547058824
2709957,2017-03-05,45,Produce,9677.762,6,53.236666666666665,0.0,0.0,0.0,0.0,0.0,0.0,0.0,0.0,0.0,0.0,0.0,5,6,3,2017,6671.085,10138.097,6979.434142857142,6495.322,7115.665777777777,9908.624,8722.61909090909,7906.9,6887.524076923077,7722.095,6669.446286666667,8238.218,7175.649958823529
2711739,2017-03-06,45,Produce,6085.2,6,53.19,0.0,0.0,0.0,0.0,0.0,0.0,0.0,0.0,0.0,0.0,0.0,6,0,3,2017,9133.181,6511.336,7033.701,9106.17,7442.901111111111,6420.398,8544.103545454545,9291.322,6695.8946153846155,8646.472,6832.3186866666665,10701.734,7142.2785
2713521,2017-03-07,45,Produce,5068.9,6,52.68,0.0,0.0,0.0,0.0,0.0,0.0,0.0,0.0,0.0,0.0,0.0,7,1,3,2017,7505.838,4542.375,7106.316714285715,9927.081,7330.749444444444,7035.477,8401.333454545455,5652.079,6930.638846153846,6599.95,6637.739286666667,5718.684,6901.391323529412
2715303,2017-03-08,45,Produce,8181.414,225,49.83,0.0,0.0,0.0,0.0,0.0,0.0,0.0,0.0,0.0,0.0,0.0,8,2,3,2017,6578.801,9154.716,7293.5191428571425,6427.989,6828.312555555556,9287.525,8114.273999999999,7391.53,7030.88276923077,5742.01,6542.868333333333,4546.71,6839.867852941177
2717085,2017-03-09,45,Produce,4910.309,1,48.75,0.0,0.0,0.0,0.0,0.0,0.0,0.0,0.0,0.0,0.0,0.0,9,3,3,2017,5443.768,4903.844,6917.482142857143,5013.429,7135.229666666666,9915.291,7520.100363636363,8689.907,6758.201692307692,8292.854,6730.6723999999995,7751.782,6735.401382352941
2718867,2017-03-10,45,Produce,5992.832,1,48.05,0.0,0.0,0.0,0.0,0.0,0.0,0.0,0.0,0.0,0.0,0.0,10,4,3,2017,8355.227,6671.085,6927.120000000001,8737.561,7539.982444444445,6085.19,7380.157363636364,4782.48,6986.677692307692,4609.898,6502.232,4114.531,6704.202382352942
2720649,2017-03-11,45,Produce,7471.733,1,48.016666666666666,0.0,0.0,0.0,0.0,0.0,0.0,0.0,0.0,0.0,0.0,0.0,11,5,3,2017,4789.269,9133.181,7055.890428571429,4523.976,7251.667555555556,4977.415,7426.6861818181815,5919.72,6877.42723076923,5649.025,6539.070866666666,6080.408,6657.69805882353
2722431,2017-03-12,45,Produce,10107.962,1,47.983333333333334,0.0,0.0,0.0,0.0,0.0,0.0,0.0,0.0,0.0,0.0,0.0,12,6,3,2017,5460.126,7505.838,6941.677714285715,6162.775,6653.36688888889,8693.855,7442.038909090909,7292.159,6777.7887692307695,7805.462,6611.687466666666,7573.991,6887.704941176471
2724213,2017-03-13,45,Produce,5876.018,1,47.95,0.0,0.0,0.0,0.0,0.0,0.0,0.0,0.0,0.0,0.0,0.0,13,0,3,2017,7798.709,6578.801,6925.309857142858,7822.764,6956.336555555555,4589.475,7254.627454545454,8830.561,6645.318230769231,9445.228,6712.001333333333,9182.575,6844.697470588236
2725995,2017-03-14,45,Produce,4582.8647,2,47.24,0.0,0.0,0.0,0.0,0.0,0.0,0.0,0.0,0.0,0.0,0.0,14,1,3,2017,6865.382,5443.768,6752.315714285714,10138.097,6944.160444444444,6221.597,7150.034636363637,5788.497,6948.213230769231,5433.438,6491.889133333333,5452.258,6663.012764705883
2727777,2017-03-15,45,Produce,8651.564,225,48.34,0.0,0.0,0.0,0.0,0.0,0.0,0.0,0.0,0.0,0.0,0.0,15,2,3,2017,6431.9,8355.227,6561.676857142857,6511.336,6714.552,8046.884,6684.340181818182,4605.531,6967.24523076923,4451.696,6338.013000000001,4840.592,6519.766823529411
2729559,2017-03-16,45,Produce,4522.655,2,48.3,0.0,0.0,0.0,0.0,0.0,0.0,0.0,0.0,0.0,0.0,0.0,16,3,3,2017,9071.393,4789.269,6470.183142857144,4542.375,7226.685888888888,10420.441,6686.432181818182,8362.582,6808.125538461538,7352.665,6502.9057999999995,9057.169,6509.269352941176
2731341,2017-03-17,45,Produce,6053.358,2,48.34,0.0,0.0,0.0,0.0,0.0,0.0,0.0,0.0,0.0,0.0,0.0,17,4,3,2017,10743.61,5460.126,6449.1972857142855,9154.716,7375.915111111111,6589.278,7008.758454545454,4893.286,7253.103692307692,4090.298,6219.5266,4389.867,6565.386235294117
2733123,2017-03-18,45,Produce,7900.658,2,48.156666666666666,0.0,0.0,0.0,0.0,0.0,0.0,0.0,0.0,0.0,0.0,0.0,18,5,3,2017,5813.59,7798.709,6967.429428571429,4903.844,7237.697,4973.951,7173.618227272728,6611.6,7415.166692307693,5598.96,6311.728266666667,5816.453,6545.407823529412
2734905,2017-03-19,45,Produce,10126.248,1,47.973333333333336,0.0,0.0,0.0,0.0,0.0,0.0,0.0,0.0,0.0,0.0,0.0,19,6,3,2017,6543.248,6865.382,7308.6269999999995,6671.085,6716.104888888889,8137.004,7304.561681818182,7569.205,7638.975307692308,7735.261,6430.751,8175.072,6793.522
2736687,2017-03-20,45,Produce,6433.346,2,47.79,0.0,0.0,0.0,0.0,0.0,0.0,0.0,0.0,0.0,0.0,0.0,20,0,3,2017,8012.476,6431.9,7454.95857142857,9133.181,6920.981666666667,4792.652,7198.413590909092,9589.714,7677.699999999999,9226.803,6509.763,8876.855,6775.202411764706
2738469,2017-03-21,45,Produce,4667.537,2,47.02,0.0,0.0,0.0,0.0,0.0,0.0,0.0,0.0,0.0,0.0,0.0,21,1,3,2017,9677.762,9071.393,7609.690285714285,7505.838,6948.414333333333,6108.202,7222.796863636363,7638.946,7900.618076923076,5344.789,6264.292666666666,5842.958,6595.662529411764
2740251,2017-03-22,45,Produce,8350.953,230,47.29,0.0,0.0,0.0,0.0,0.0,0.0,0.0,0.0,0.0,0.0,0.0,22,2,3,2017,6085.2,10743.61,7640.228428571428,6578.801,6537.904333333335,8523.004,6663.749863636363,6621.351,8027.718153846155,4291.808,6213.335999999999,5149.578,6514.530764705883
2742033,2017-03-23,45,Produce,4434.95,0,47.0,0.0,0.0,0.0,0.0,0.0,0.0,0.0,0.0,0.0,0.0,0.0,23,3,3,2017,5068.9,5813.59,8041.997,5443.768,6859.5560000000005,10507.3125,6598.042954545454,10567.196,8126.1943846153845,8215.402,6400.245599999999,8266.553,6463.3456470588235
2743815,2017-03-24,45,Produce,6097.057,0,47.3,0.0,0.0,0.0,0.0,0.0,0.0,0.0,0.0,0.0,0.0,0.0,24,4,3,2017,8181.414,6543.248,7992.4684285714275,8355.227,6881.144555555556,6029.853,6901.2895,8026.539,8283.717461538461,4042.166,6156.3998,5540.227,6575.6904117647055
2745597,2017-03-25,45,Produce,7779.0,0,47.20666666666666,0.0,0.0,0.0,0.0,0.0,0.0,0.0,0.0,0.0,0.0,0.0,25,5,3,2017,4910.309,8012.476,7420.683714285714,4789.269,6581.0022222222215,5053.968,7046.8135909090915,10201.671,8564.696384615385,5992.923,6250.716333333333,5500.697,6588.365470588235
2747379,2017-03-26,45,Produce,9488.735,0,47.11333333333334,0.0,0.0,0.0,0.0,0.0,0.0,0.0,0.0,0.0,0.0,0.0,26,6,3,2017,5992.832,9677.762,7054.655714285714,5460.126,6754.952777777778,8315.1,7137.703681818181,9333.982,8578.382846153847,7434.366,6472.878266666667,7412.149,7010.009529411765
2749161,2017-03-27,45,Produce,5323.438,0,47.02,0.0,0.0,0.0,0.0,0.0,0.0,0.0,0.0,0.0,0.0,0.0,27,0,3,2017,7471.733,6085.2,6925.6155714285715,7798.709,7217.709333333334,4270.924,7085.443590909092,8686.432,8822.059230769231,8990.642,6668.309800000001,8332.472,7027.981117647058
2750943,2017-03-28,45,Produce,4336.103,0,48.36,0.0,0.0,0.0,0.0,0.0,0.0,0.0,0.0,0.0,0.0,0.0,28,1,3,2017,10107.962,5068.9,6846.984714285715,6865.382,7258.800666666666,5866.502,7281.962045454545,6257.832,8971.852384615384,5763.173,6440.836200000001,5768.975,6833.878529411764
2752725,2017-03-29,45,Produce,7900.261,228,49.47,0.0,0.0,0.0,0.0,0.0,0.0,0.0,0.0,0.0,0.0,0.0,29,2,3,2017,5876.018,8181.414,6769.7357142857145,6431.9,7057.469666666667,8309.663,6786.798181818182,9642.773,9224.719538461537,4669.088,6414.804,4521.813,6784.786411764705
2754507,2017-03-30,45,Produce,4684.852,1,50.3,0.0,0.0,0.0,0.0,0.0,0.0,0.0,0.0,0.0,0.0,0.0,30,3,3,2017,4582.8647,4910.309,6831.192857142857,9071.393,7415.603777777777,9737.769,6829.1135454545465,6941.086,8905.735076923076,7255.34,6669.250066666666,7803.335,6685.630882352942
2756289,2017-03-31,45,Produce,6802.833,1,50.54,0.0,0.0,0.0,0.0,0.0,0.0,0.0,0.0,0.0,0.0,0.0,31,4,3,2017,8651.564,5992.832,6801.309714285715,10743.61,7884.23,5792.443,7197.495545454545,10264.326,8829.499538461538,3694.978,6418.854486666666,4582.111,6721.235117647059
2758071,2017-04-01,45,Produce,10835.615,1,50.443333333333335,0.0,0.0,0.0,0.0,0.0,0.0,1.0,0.0,0.0,0.0,0.0,1,5,4,2017,4522.655,7471.733,6731.8761,5813.59,7693.840111111112,5533.341,7344.039272727274,7747.129,8759.180615384616,5505.046,6547.504620000001,6750.453,6652.957529411765
2759853,2017-04-02,45,Produce,8474.379,1,50.346666666666664,0.0,0.0,0.0,0.0,0.0,0.0,0.0,0.0,0.0,0.0,0.0,2,6,4,2017,6053.358,10107.962,6799.040385714286,6543.248,7494.231,10684.707,7540.136090909091,12757.507,8803.896692307693,8931.389,6710.782353333333,9272.645,6915.824058823529
2761635,2017-04-03,45,Produce,510.427,1,50.25,0.0,0.0,0.0,0.0,0.0,0.0,0.0,0.0,0.0,0.0,0.0,3,0,4,2017,7900.658,5876.018,6743.661242857143,8012.476,7688.621444444444,5060.51,7462.584,9586.257,8603.801153846154,10666.734,6868.410953333333,11557.816,6908.950588235294
2763417,2017-04-04,45,Produce,6195.599,1,50.99,0.0,0.0,0.0,0.0,0.0,0.0,0.0,0.0,0.0,0.0,0.0,4,1,4,2017,10126.248,4582.8647,6752.307814285714,9677.762,7226.2787777777785,6495.322,7501.483818181819,9908.624,8505.307538461539,5814.699,6670.588886666666,6121.97,6724.126058823529
2765199,2017-04-05,45,Produce,9086.712,222,51.14,0.0,0.0,0.0,0.0,0.0,0.0,0.0,0.0,0.0,0.0,0.0,5,2,4,2017,6433.346,8651.564,6813.582814285714,6085.2,6698.414555555556,9106.17,7027.502636363636,6420.398,8432.313846153846,4954.306,6579.8113533333335,4875.328,6645.932588235294
2766981,2017-04-06,45,Produce,4884.856,1,51.69,0.0,0.0,0.0,0.0,0.0,0.0,0.0,0.0,0.0,0.0,0.0,6,3,4,2017,4667.537,4522.655,6816.1951,5068.9,6882.652666666667,9927.081,7061.169181818183,7035.477,8251.420692307693,8108.499,6780.832086666666,8042.289,6560.944588235295
2768763,2017-04-07,45,Produce,5670.232,2,52.25,0.0,0.0,0.0,0.0,0.0,0.0,0.0,0.0,0.0,0.0,0.0,7,4,4,2017,8350.953,6053.358,6895.813385714285,8181.414,7278.732,6427.989,7269.298545454545,9287.525,7940.441538461538,4459.4683,6594.904486666667,4157.314,6591.264176470589
2770545,2017-04-08,45,Produce,7613.288,1,52.52,0.0,0.0,0.0,0.0,0.0,0.0,0.0,0.0,0.0,0.0,0.0,8,5,4,2017,4434.95,7900.658,6907.909428571428,4910.309,7041.347777777777,5013.429,7219.606727272727,9915.291,7963.499615384615,5971.918,6719.795620000001,5754.85,6513.568882352942
2772327,2017-04-09,45,Produce,9094.514,1,52.79,0.0,0.0,0.0,0.0,0.0,0.0,0.0,0.0,0.0,0.0,0.0,9,6,4,2017,6097.057,10126.248,6864.964999999999,5992.832,6475.248077777778,8737.561,7351.5,6085.19,7783.725307692307,8442.089,6899.175753333333,7105.834,6667.714058823529
2774109,2017-04-10,45,Produce,5709.72,3,53.06,0.0,0.0,0.0,0.0,0.0,0.0,0.0,0.0,0.0,0.0,0.0,10,0,4,2017,7779.0,6433.346,6852.435714285714,7471.733,6760.3996333333325,4523.976,7173.959363636363,4977.415,7553.1884615384615,9798.795,7001.290953333333,10008.958,6628.1132941176475
2775891,2017-04-11,45,Produce,4760.926,2,53.38,0.0,0.0,0.0,0.0,0.0,0.0,0.0,0.0,0.0,0.0,0.0,11,1,4,2017,9488.735,4667.537,6858.678428571428,10107.962,6699.7057444444445,6162.775,7178.372636363637,8693.855,7173.598230769231,6023.311,6877.296886666666,5383.848,6351.3294117647065
2777673,2017-04-12,45,Produce,7869.606,216,53.12,0.0,0.0,0.0,0.0,0.0,0.0,0.0,1.0,0.0,0.0,0.0,12,2,4,2017,5323.438,8350.953,6841.298714285715,5876.018,6463.255077777778,7822.764,6721.714727272727,4589.475,7305.644846153847,4401.51,6795.468953333333,4270.132,6111.732588235295
2779455,2017-04-13,45,Produce,5150.689,5,53.19,0.0,0.0,0.0,0.0,0.0,0.0,0.0,0.0,0.0,1.0,0.0,13,3,4,2017,4336.103,4434.95,6750.225428571428,4582.8647,6795.516077777777,10138.097,6743.814363636362,6221.597,7133.119846153846,7684.399,6940.795753333334,7003.183,5996.462235294118
2781237,2017-04-14,45,Produce,5586.628,5,53.0475,0.0,0.0,0.0,0.0,1.0,1.0,0.0,0.0,0.0,0.0,0.0,14,4,4,2017,7900.261,6097.057,6591.667142857143,8651.564,7254.784522222221,6511.336,7118.337272727274,8046.884,6888.5565384615375,4466.426,6911.977286666666,4324.179,6043.69194117647
2783019,2017-04-15,45,Produce,6837.071,5,52.905,0.0,0.0,0.0,0.0,0.0,0.0,0.0,0.0,0.0,0.0,0.0,15,5,4,2017,4684.852,7779.0,6544.319428571429,4522.655,7139.408188888889,4542.375,7006.362454545454,10420.441,6781.457538461539,5568.345,7029.011933333333,5037.246,6002.3081764705885
2784801,2017-04-16,45,Produce,8520.494,5,52.762499999999996,0.0,0.0,0.0,0.0,0.0,0.0,0.0,0.0,0.0,0.0,0.0,16,6,4,2017,6802.833,9488.735,6479.934857142857,6053.358,6534.916522222222,9154.716,7193.164727272728,6589.278,7121.620807692308,8195.748,7115.716533333333,6482.515,6255.586941176471
2786583,2017-04-17,45,Produce,5938.156,6,52.62,0.0,0.0,0.0,0.0,0.0,0.0,0.0,0.0,0.0,0.0,0.0,17,0,4,2017,10835.615,5323.438,6515.6351428571425,7900.658,6809.9093,4903.844,7127.800454545454,4973.951,7202.577576923077,10463.117,7207.207933333334,7202.579,6207.690352941177
2788365,2017-04-18,45,Produce,4966.33,6,52.46,0.0,0.0,0.0,0.0,0.0,0.0,0.0,0.0,0.0,0.0,0.0,18,1,4,2017,8474.379,4336.103,6616.4602857142845,10126.248,6793.474333333334,6671.085,7176.206181818183,8137.004,6922.58626923077,8806.823,6904.120533333334,6077.24,6036.189352941176
2790147,2017-04-19,45,Produce,8570.659,219,50.49,0.0,0.0,0.0,0.0,0.0,0.0,0.0,0.0,0.0,0.0,0.0,19,2,4,2017,510.427,7900.261,7053.119571428571,6433.346,6509.640222222222,9133.181,6689.949090909091,4792.652,7209.172807692307,4587.28,6811.974466666667,4567.319,5931.560705882353
2791929,2017-04-20,45,Produce,4631.773,4,50.26,0.0,0.0,0.0,0.0,0.0,0.0,0.0,0.0,0.0,0.0,0.0,20,3,4,2017,6195.599,4684.852,6908.211571428571,4667.537,6871.456333333333,7505.838,6594.384545454545,6108.202,7059.121038461539,7134.208,6973.509533333333,7484.67,5827.38805882353
2793711,2017-04-21,45,Produce,6618.04,4,49.64,0.0,0.0,0.0,0.0,1.0,0.0,0.0,0.0,0.0,0.0,0.0,21,4,4,2017,9086.712,6802.833,6220.638571428572,8350.953,7253.1648888888885,6578.801,6890.414909090909,8523.004,6891.399346153847,7676.222,6707.967466666667,4162.374,5894.030705882354
2795493,2017-04-22,45,Produce,7463.193,4,49.39333333333333,0.0,0.0,0.0,0.0,0.0,0.0,0.0,0.0,0.0,0.0,0.0,22,5,4,2017,4884.856,10835.615,6486.280857142857,4434.95,6966.807111111111,5443.768,6682.293636363636,10507.3125,6729.031807692309,6214.988,6766.169533333333,5678.233,5936.4515882352935
2797275,2017-04-23,45,Produce,8585.539,4,49.14666666666667,0.0,0.0,0.0,0.0,0.0,0.0,0.0,0.0,0.0,0.0,0.0,23,6,4,2017,5670.232,8474.379,6655.773857142857,6097.057,6323.457666666666,8355.227,6821.207818181819,6029.853,6971.223423076924,7272.487,6808.278733333334,7338.765,6290.827823529412
2799057,2017-04-24,45,Produce,5358.673,4,48.9,0.0,0.0,0.0,0.0,0.0,0.0,0.0,0.0,0.0,0.0,0.0,24,0,4,2017,7613.288,510.427,6684.345857142857,7779.0,6486.448222222223,4789.269,7039.417636363636,5053.968,7034.1843461538465,9814.46,6780.033333333334,8463.053,6352.475117647059
2800839,2017-04-25,45,Produce,4268.097,4,49.22,0.0,0.0,0.0,0.0,0.0,0.0,0.0,0.0,0.0,0.0,0.0,25,1,4,2017,9094.514,6195.599,6522.545714285714,9488.735,6488.372111111112,5460.126,7185.820272727273,8315.1,6833.9025769230775,5252.484,6360.363666666667,4940.608,6266.784470588235
2802621,2017-04-26,45,Produce,8081.964,223,49.22,0.0,0.0,0.0,0.0,0.0,0.0,0.0,0.0,0.0,0.0,0.0,26,2,4,2017,5709.72,9086.712,6062.213285714286,5323.438,6316.3587777777775,7798.709,7031.979545454545,4270.924,7287.137576923076,4641.12,6084.323066666667,4190.317,6326.246882352942
2804403,2017-04-27,45,Produce,4015.038,7,48.96,0.0,0.0,0.0,0.0,0.0,0.0,0.0,0.0,0.0,0.0,0.0,27,3,4,2017,4760.926,4884.856,6150.803999999999,4336.103,7027.543777777778,6865.382,7028.747454545455,5866.502,7206.545884615386,6824.536,6330.681066666667,8230.271,6226.197823529412
2806185,2017-04-28,45,Produce,6014.938,7,49.31,0.0,0.0,0.0,0.0,0.0,0.0,0.0,0.0,0.0,0.0,0.0,28,4,4,2017,7869.606,5670.232,6893.560142857142,7900.261,7291.690666666666,6431.9,7262.266363636364,8309.663,7050.570346153846,3701.268,6286.350666666667,3612.913,6361.698764705882
2807967,2017-04-29,45,Produce,7713.465,7,49.15,0.0,0.0,0.0,0.0,0.0,0.0,0.0,0.0,0.0,0.0,0.0,29,5,4,2017,5150.689,7613.288,6688.606857142856,4684.852,6484.071444444445,9071.393,7382.496818181819,9737.769,6942.790153846155,5339.457,6258.539,5403.057,6505.602647058823
2809749,2017-04-30,45,Produce,8454.064,7,48.99,0.0,0.0,0.0,0.0,0.0,0.0,0.0,0.0,0.0,0.0,0.0,30,6,4,2017,5586.628,9094.514,6514.73457142857,6802.833,6118.167444444444,10743.61,7500.308727272727,5792.443,7242.576923076924,6199.983,6314.996666666667,7724.338,6656.425411764706
2811531,2017-05-01,45,Produce,10458.425,6,48.83,0.0,0.0,0.0,0.0,0.0,1.0,0.0,0.0,0.0,0.0,0.0,1,0,5,2017,6837.071,5709.72,6552.710714285714,10835.615,6536.308999999999,5813.59,7464.742727272727,5533.341,7348.270846153847,7772.067,6477.0972,10348.575,6666.49
2813313,2017-05-02,45,Produce,6312.092,6,47.65,0.0,0.0,0.0,0.0,0.0,0.0,0.0,0.0,0.0,0.0,0.0,2,1,5,2017,8520.494,4760.926,6540.767285714285,8474.379,6597.281555555555,6543.248,7499.534090909091,10684.707,7094.296153846154,4168.072,6258.2010666666665,6085.25,6513.343176470588
2815095,2017-05-03,45,Produce,9125.871,223,47.79,0.0,0.0,0.0,0.0,0.0,0.0,0.0,0.0,0.0,0.0,0.0,3,2,5,2017,5938.156,7869.606,6429.879142857143,510.427,6349.500555555555,8012.476,7321.800181818181,5060.51,7437.883615384616,4666.214,6243.5944,5025.774,6455.929117647059
2816877,2017-05-04,45,Produce,4891.12,4,45.55,0.0,0.0,0.0,0.0,0.0,0.0,0.0,0.0,0.0,0.0,0.0,4,3,5,2017,4966.33,5150.689,6347.876285714286,6195.599,6674.882333333333,9677.762,7281.884909090909,6495.322,7334.612384615384,8282.65,6530.914466666667,8213.44,6422.707529411765
2818659,2017-05-05,45,Produce,5764.507,2,46.23,0.0,0.0,0.0,0.0,0.0,0.0,0.0,0.0,0.0,0.0,0.0,5,4,5,2017,8570.659,5586.628,6380.510000000001,9086.712,6929.513555555555,6085.2,7136.461272727272,9106.17,7169.467153846154,6469.252,6359.855,4376.406,6538.607941176471
2820441,2017-05-06,45,Produce,7341.188,3,46.306666666666665,0.0,0.0,0.0,0.0,0.0,0.0,0.0,0.0,0.0,0.0,0.0,6,5,5,2017,4631.773,6837.071,6409.853428571428,4884.856,6359.969666666667,5068.9,7078.675090909091,9927.081,7022.159076923077,7259.047,6502.029266666666,6870.835,6516.1734117647065
2822223,2017-05-07,45,Produce,9764.345,2,46.38333333333333,0.0,0.0,0.0,0.0,0.0,0.0,0.0,0.0,0.0,0.0,0.0,7,6,5,2017,6618.04,8520.494,6510.003857142858,5670.232,5947.363777777778,8181.414,7084.350363636363,6427.989,7356.440153846154,7061.853,6602.812666666667,9931.036,6858.349352941176
2824005,2017-05-08,45,Produce,5845.859,2,46.46,0.0,0.0,0.0,0.0,0.0,0.0,0.0,0.0,0.0,0.0,0.0,8,0,5,2017,7463.193,5938.156,6435.873,7613.288,6765.050333333333,4910.309,6906.1337,5013.429,7431.670538461539,9703.995,6849.459666666667,6726.361,6908.372882352941
2825787,2017-05-09,45,Produce,4811.88,3,45.84,0.0,0.0,0.0,0.0,0.0,0.0,0.0,0.0,0.0,0.0,0.0,9,1,5,2017,8585.539,4966.33,6583.217571428571,9094.514,6648.949222222222,5992.832,6964.232609090908,8737.561,6959.183461538462,6531.018,6682.341133333333,5849.331,6730.93505882353
2827569,2017-05-10,45,Produce,8323.259,231,47.28,0.0,0.0,0.0,0.0,0.0,0.0,0.0,0.0,0.0,0.0,0.0,10,2,5,2017,5358.673,8570.659,6672.663571428571,5709.72,6260.051,7471.733,6495.586518181817,4523.976,7274.122384615384,5033.384,6689.280733333334,4735.269,6598.560176470588
2829351,2017-05-11,45,Produce,3994.733,10,47.81,0.0,0.0,0.0,0.0,0.0,0.0,0.0,0.0,0.0,0.0,0.0,11,3,5,2017,4268.097,4631.773,6681.955714285715,4760.926,6476.963777777778,10107.962,6492.691790909091,6162.775,7151.701,8950.921,6924.253733333333,7487.014,6495.116764705883
2831133,2017-05-12,45,Produce,6074.209,11,47.83,0.0,0.0,0.0,0.0,1.0,0.0,0.0,0.0,0.0,0.0,0.0,12,4,5,2017,8081.964,6618.04,6599.172428571429,7869.606,6793.659555555556,5876.018,6750.124336363637,7822.764,6964.386769230769,4258.644,6652.235466666667,4375.841,6573.543588235295
2832915,2017-05-13,45,Produce,9499.564,10,48.17333333333333,0.0,1.0,0.0,0.0,0.0,0.0,0.0,0.0,0.0,0.0,0.0,13,5,5,2017,4015.038,7463.193,6499.424857142857,5150.689,6607.533777777778,4582.8647,6926.927427272728,10138.097,6903.317538461538,5833.882,6596.077333333334,6160.624,6547.659235294118
2834697,2017-05-14,45,Produce,7365.287,10,48.516666666666666,0.0,0.0,0.0,1.0,0.0,0.0,0.0,0.0,0.0,0.0,0.0,14,6,5,2017,6014.938,8585.539,6429.611285714286,5586.628,6148.846666666667,8651.564,7065.385336363636,6511.336,6986.228999999998,6851.208,6617.360533333334,7848.884,6836.379411764706
2836479,2017-05-15,45,Produce,6546.018,9,48.86,0.0,0.0,0.0,0.0,0.0,0.0,0.0,0.0,0.0,0.0,0.0,15,0,5,2017,7713.465,5358.673,6341.506285714286,6837.071,6466.728777777778,4522.655,6944.903972727273,4542.375,7106.642230769231,9899.688,6810.516866666667,9429.904,6766.572999999999
2838261,2017-05-16,45,Produce,5227.59,10,48.64,0.0,0.0,0.0,0.0,0.0,0.0,0.0,0.0,0.0,0.0,0.0,16,1,5,2017,8454.064,4268.097,6255.348857142858,8520.494,6452.3784444444445,6053.358,7024.833063636364,9154.716,6853.273538461538,5265.289,6582.667333333334,6253.457,6444.763647058824
2840043,2017-05-17,45,Produce,9600.52,226,49.04,0.0,0.0,0.0,0.0,0.0,0.0,0.0,0.0,0.0,0.0,0.0,17,2,5,2017,10458.425,8081.964,6291.102000000001,5938.156,6313.315555555556,7900.658,6509.1047,4903.844,7147.9851538461535,4272.166,6477.883,4707.895,6469.350352941176
2841825,2017-05-18,45,Produce,4203.093,10,49.36,0.0,0.0,0.0,0.0,0.0,0.0,0.0,0.0,0.0,0.0,0.0,18,3,5,2017,6312.092,4015.038,6272.3198571428575,4966.33,6570.260444444445,10126.248,6529.199154545455,6671.085,7042.330846153846,8190.809,6685.079933333333,8098.202,6402.00011764706
2843607,2017-05-19,45,Produce,6099.735,10,50.32,0.0,0.0,0.0,0.0,0.0,0.0,0.0,0.0,0.0,0.0,0.0,19,4,5,2017,9125.871,6014.938,7000.855857142857,8570.659,6903.472777777778,6433.346,6819.756909090909,9133.181,6860.589461538461,4202.376,6360.357133333334,4326.712,6584.168000000001
2845389,2017-05-20,45,Produce,8064.165,10,50.483333333333334,0.0,0.0,0.0,0.0,0.0,0.0,0.0,0.0,0.0,0.0,0.0,20,5,5,2017,4891.12,7713.465,7292.855142857144,4631.773,6739.2063333333335,4667.537,6895.863363636364,7505.838,6680.636538461538,5626.88,6420.4734,6359.03,6579.536176470588
2847171,2017-05-21,45,Produce,10006.591,10,50.64666666666667,0.0,0.0,0.0,0.0,0.0,0.0,0.0,0.0,0.0,0.0,0.0,21,6,5,2017,5764.507,8454.064,7441.984714285713,6618.04,6266.717777777778,8350.953,6968.6618181818185,6578.801,6707.870846153846,7578.295,6541.677753333334,7773.406,6809.032705882353
2848953,2017-05-22,45,Produce,6067.874,10,50.81,0.0,0.0,0.0,0.0,0.0,0.0,0.0,0.0,0.0,0.0,0.0,22,0,5,2017,7341.188,10458.425,7567.1392857142855,7463.193,6504.918666666667,4434.95,6812.547727272727,5443.768,6853.218923076924,9959.198,6737.153353333333,9284.649,6798.184352941177
2850735,2017-05-23,45,Produce,4401.706,9,51.12,0.0,0.0,0.0,0.0,0.0,0.0,0.0,0.0,0.0,0.0,0.0,23,1,5,2017,9764.345,6312.092,7531.363428571428,8585.539,6399.219555555555,6097.057,6812.511636363636,8355.227,6846.809461538462,6286.252,6462.43322,5684.126,6690.658058823529
2852517,2017-05-24,45,Produce,7464.821,213,50.99,0.0,0.0,0.0,0.0,0.0,0.0,0.0,0.0,1.0,0.0,0.0,24,2,5,2017,5845.859,9125.871,7478.181,5358.673,6115.250555555556,7779.0,6317.839272727273,4789.269,7296.022230769231,4959.253,6410.435686666667,4460.277,6571.215352941176
2854299,2017-05-25,45,Produce,3974.571,10,48.57,0.0,0.0,0.0,0.0,0.0,0.0,0.0,0.0,0.0,0.0,0.0,25,3,5,2017,4811.88,4891.12,7665.364,4268.097,6457.660777777778,9488.735,6351.429,5460.126,7230.061076923076,8141.338,6668.98362,7144.335,6499.170529411765
2856081,2017-05-26,45,Produce,7954.039,10,49.58,0.0,0.0,0.0,0.0,0.0,0.0,0.0,0.0,0.0,0.0,1.0,26,4,5,2017,8323.259,5764.507,7006.426,8081.964,6661.663444444444,5323.438,6912.163363636363,7798.709,7030.8354615384615,4080.079,6482.42262,4704.377,6569.498470588235
2857863,2017-05-27,45,Produce,7500.408,10,49.5925,0.0,0.0,0.0,0.0,0.0,0.0,0.0,0.0,0.0,0.0,0.0,27,5,5,2017,3994.733,7341.188,6792.11,4015.038,6994.467000000001,4336.103,6923.383909090909,6865.382,7069.807615384616,5160.388,6623.16702,7832.123,6589.699588235294
2859645,2017-05-28,45,Produce,8972.53,10,49.605000000000004,0.0,0.0,0.0,0.0,0.0,0.0,0.0,0.0,0.0,0.0,0.0,28,6,5,2017,6074.209,9764.345,6677.451142857143,6014.938,6741.861777777778,7900.261,6566.609090909091,6431.9,7308.1892307692315,7651.9473,6775.1683533333335,7408.273,6919.037823529412
2861427,2017-05-29,45,Produce,5797.772,9,49.6175,0.0,0.0,0.0,0.0,0.0,0.0,0.0,0.0,0.0,0.0,0.0,29,0,5,2017,9499.564,5845.859,6549.3958571428575,7713.465,7160.439333333333,4684.852,6575.567454545456,9071.393,7357.5301538461545,9783.342,6889.370153333333,8277.282,6877.419529411764
2863209,2017-05-30,45,Produce,4928.485,10,49.63,0.0,0.0,0.0,0.0,0.0,0.0,0.0,0.0,0.0,0.0,0.0,30,1,5,2017,7365.287,4811.88,6593.639000000001,8454.064,7229.664111111111,6802.833,6694.450363636363,10743.61,7104.73576923077,5778.886,6602.228886666667,5976.202,6713.720470588235
2864991,2017-05-31,45,Produce,7702.227,223,48.29,0.0,0.0,0.0,0.0,0.0,0.0,0.0,0.0,0.0,0.0,0.0,31,2,5,2017,6546.018,8323.259,6901.978428571429,10458.425,6972.168888888888,10835.615,6275.915909090909,5813.59,7365.67,4485.326,6675.914086666667,6020.937,6628.377529411765
2866773,2017-06-01,45,Produce,5557.338,0,48.32,0.0,0.0,0.0,0.0,0.0,0.0,0.0,0.0,0.0,0.0,0.0,1,3,6,2017,5227.59,3994.733,6559.255857142857,6312.092,7341.7411111111105,8474.379,6307.442636363636,6543.248,7323.376384615384,8150.385,6924.624353333334,7399.378,6539.240882352941
2868555,2017-06-02,45,Produce,6483.153,0,47.68,0.0,0.0,0.0,0.0,0.0,0.0,0.0,0.0,0.0,0.0,0.0,2,4,6,2017,9600.52,6074.209,6659.278571428572,9125.871,7758.341888888889,510.427,6605.368545454546,8012.476,7184.4627692307695,5392.394,6700.700486666667,5028.695,6610.775176470588
2870337,2017-06-03,45,Produce,8564.624,0,47.586666666666666,0.0,0.0,0.0,0.0,0.0,0.0,0.0,0.0,0.0,0.0,0.0,3,5,6,2017,4203.093,9499.564,6718.665714285715,4891.12,7550.83011111111,6195.599,6713.937,9677.762,7231.105153846153,6313.542,6823.34322,5903.47,6606.867823529412
2872119,2017-06-04,45,Produce,11241.278,0,47.49333333333333,0.0,0.0,0.0,0.0,0.0,0.0,0.0,0.0,0.0,0.0,0.0,4,6,6,2017,6099.735,7365.287,6901.131571428572,5764.507,7146.143,9086.712,6807.106818181817,6085.2,7513.879153846153,7906.9,6965.461286666667,8441.621,6811.0981764705875
2873901,2017-06-05,45,Produce,6608.372,0,47.4,0.0,0.0,0.0,0.0,0.0,0.0,0.0,0.0,0.0,0.0,0.0,5,0,6,2017,8064.165,6546.018,6930.897285714286,7341.188,6908.902333333333,4884.856,6621.478909090909,5068.9,7268.0810769230775,9291.322,7044.035533333334,9925.462,6685.756823529411
2875683,2017-06-06,45,Produce,5029.233,0,48.13,0.0,0.0,0.0,0.0,0.0,0.0,0.0,0.0,0.0,0.0,0.0,6,1,6,2017,10006.591,5227.59,6934.543857142858,9764.345,6651.418000000001,5670.232,6351.8417272727265,8181.414,6794.177592307692,5652.079,6777.712533333334,5651.519,6489.11994117647
2877465,2017-06-07,45,Produce,8289.742,224,45.8,0.0,0.0,0.0,0.0,0.0,0.0,0.0,0.0,0.0,0.0,0.0,7,2,6,2017,6067.874,9600.52,6729.486857142858,5845.859,6312.344444444444,7613.288,6049.688090909091,4910.309,7012.483284615384,7391.53,6699.488866666667,4990.522,6449.075176470587
2879247,2017-06-08,45,Produce,4516.208,0,45.68,0.0,0.0,0.0,0.0,0.0,0.0,0.0,0.0,0.0,0.0,0.0,8,3,6,2017,4401.706,4203.093,7106.816,4811.88,6824.393777777777,9094.514,6511.16090909091,5992.832,6857.053053846153,8689.907,6957.9726,7833.819,6364.191529411764
2881029,2017-06-09,45,Produce,5876.704,1,45.82,0.0,0.0,0.0,0.0,0.0,0.0,0.0,0.0,0.0,0.0,0.0,9,4,6,2017,7464.821,6099.735,7038.509714285714,8323.259,7002.258222222223,5709.72,6569.476545454545,7471.733,6706.351669230769,4782.48,6740.832666666666,4168.803,6419.601482352941
2882811,2017-06-10,45,Produce,7220.9,1,45.913333333333334,0.0,0.0,0.0,0.0,0.0,0.0,0.0,0.0,0.0,0.0,0.0,10,5,6,2017,3974.571,8064.165,6920.526285714286,3994.733,6913.905999999999,4760.926,6518.002181818182,10107.962,6569.651361538461,5919.72,6822.113066666667,5676.36,6498.037364705881
2884593,2017-06-11,45,Produce,10542.481,1,46.00666666666667,0.0,0.0,0.0,0.0,0.0,0.0,0.0,0.0,0.0,0.0,0.0,11,6,6,2017,7954.039,10006.591,6615.426428571429,6074.209,6409.822111111111,7869.606,6613.756727272728,5876.018,6880.501207692308,7292.159,6905.823933333333,7077.91,6621.78465882353
2886375,2017-06-12,45,Produce,5956.496,1,46.1,0.0,0.0,0.0,0.0,0.0,0.0,0.0,0.0,0.0,0.0,0.0,12,0,6,2017,7500.408,6067.874,6582.780428571428,9499.564,6827.006666666666,5150.689,6549.765636363635,4582.8647,6985.458592307692,8830.561,7018.011533333333,8176.293,6638.926541176471
2888157,2017-06-13,45,Produce,4586.0728,1,46.41,0.0,0.0,0.0,0.0,0.0,0.0,0.0,0.0,0.0,0.0,0.0,13,1,6,2017,8972.53,4401.706,6847.681,7365.287,6759.363666666667,5586.628,6636.799363636364,8651.564,6715.160361538462,5788.497,6907.853133333333,5701.32,6435.095305882353
2889939,2017-06-14,45,Produce,8931.236,223,44.79,0.0,0.0,0.0,0.0,0.0,0.0,0.0,0.0,0.0,0.0,0.0,14,2,6,2017,5797.772,7464.821,6767.144285714285,6546.018,6512.305444444444,6837.071,6231.095636363636,4522.655,6979.8252846153855,4605.531,6972.471266666666,4065.446,6283.266482352941
2891721,2017-06-15,45,Produce,4365.754,1,44.47,0.0,0.0,0.0,0.0,0.0,0.0,0.0,0.0,0.0,0.0,0.0,15,3,6,2017,4928.485,3974.571,6619.421285714285,5227.59,6964.464555555556,8520.494,6313.670181818182,6053.358,6859.988207692308,8362.582,7184.182333333333,7596.521,6218.641717647059
2893503,2017-06-16,45,Produce,7308.727,3,44.73,0.0,0.0,0.0,0.0,0.0,0.0,0.0,0.0,0.0,0.0,0.0,16,4,6,2017,7702.227,7954.039,6580.835285714286,9600.52,7401.395888888888,5938.156,6559.330818181817,7900.658,6754.2439,4893.286,7139.9578,4533.18,6236.619070588235
2895285,2017-06-17,45,Produce,9625.35,3,44.56666666666666,0.0,0.0,0.0,0.0,0.0,0.0,0.0,0.0,0.0,0.0,0.0,17,5,6,2017,5557.338,7500.408,6656.089428571429,4203.093,7020.097000000001,4966.33,6624.415636363637,10126.248,6575.092976923077,6611.6,7501.2372,6962.9062,6236.662835294118
2897067,2017-06-18,45,Produce,7484.446,3,44.403333333333336,0.0,0.0,0.0,0.0,0.0,0.0,0.0,0.0,0.0,0.0,0.0,18,6,6,2017,6483.153,8972.53,6690.004571428572,6099.735,6690.810222222222,8570.659,6643.323272727273,6433.346,6852.994284615385,7569.205,7728.854666666666,8732.788,6490.039952941176
2898849,2017-06-19,45,Produce,6092.725,3,44.24,0.0,0.0,0.0,0.0,0.0,0.0,0.0,0.0,0.0,0.0,0.0,19,0,6,2017,8564.624,5797.772,6916.114142857143,8064.165,6792.899444444444,4631.773,6523.456818181819,4667.537,6909.961461538462,9589.714,7821.8062,7132.399,6464.749247058824
2900631,2017-06-20,45,Produce,5643.115,1,43.34,0.0,0.0,0.0,0.0,0.0,0.0,0.0,0.0,0.0,0.0,0.0,20,1,6,2017,11241.278,4928.485,6705.987571428572,10006.591,6653.675111111112,6618.04,6636.6289090909095,8350.953,6578.002923076923,7638.946,7650.290933333334,6194.882,6295.367364705882
2902413,2017-06-21,45,Produce,8177.761,222,42.48,0.0,0.0,0.0,0.0,0.0,0.0,0.0,0.0,0.0,0.0,0.0,21,2,6,2017,6608.372,7702.227,6858.018428571429,6067.874,6470.732777777777,7463.193,6227.042,4434.95,6837.818769230769,6621.351,7907.242666666666,4976.49,6218.365952941176
2904195,2017-06-22,45,Produce,4200.123,3,42.53,0.0,0.0,0.0,0.0,0.0,0.0,0.0,0.0,0.0,0.0,0.0,22,3,6,2017,5029.233,5557.338,7182.125285714285,4401.706,6837.101111111111,8585.539,6234.022181818183,6097.057,6732.549076923076,10567.196,8062.946333333334,7344.372,6116.730952941177
2905977,2017-06-23,45,Produce,6264.896,2,42.86,0.0,0.0,0.0,0.0,1.0,0.0,0.0,0.0,0.0,0.0,0.0,23,4,6,2017,8289.742,6483.153,7297.925285714286,7464.821,7156.300555555556,5358.673,6483.7617272727275,7779.0,6648.101,8026.539,8189.729266666666,4552.898,6296.593305882353
2907759,2017-06-24,45,Produce,7561.018,1,42.986666666666665,0.0,0.0,0.0,0.0,0.0,0.0,0.0,0.0,0.0,0.0,0.0,24,5,6,2017,4516.208,8564.624,7312.317857142857,3974.571,6904.479111111111,4268.097,6473.162181818182,9488.735,6702.667692307692,10201.671,8379.985466666667,5296.137,6332.164364705883
2909541,2017-06-25,45,Produce,9234.696,1,43.11333333333334,0.0,0.0,0.0,0.0,2.0,0.0,1.0,0.0,0.0,0.0,0.0,25,6,6,2017,5876.704,11241.278,7396.248571428571,7954.039,6340.245111111111,8081.964,7002.857818181818,5323.438,6859.670230769231,9333.982,8789.712599999999,7834.563,6624.4630705882355
2911323,2017-06-26,45,Produce,5674.115,1,43.24,0.0,0.0,0.0,0.0,0.0,0.0,0.0,0.0,0.0,0.0,0.0,26,0,6,2017,7220.9,6608.372,7247.515714285714,7500.408,6521.839888888888,4015.038,6975.044363636364,4336.103,6539.892538461539,8686.432,8924.182733333331,8476.214,6601.128705882353
2913105,2017-06-27,45,Produce,4327.525,1,44.25,0.0,0.0,0.0,0.0,0.0,0.0,0.0,0.0,0.0,0.0,0.0,27,1,6,2017,10542.481,5029.233,7160.880142857141,8972.53,6650.243444444444,6014.938,7126.196909090909,7900.261,6374.096076923077,6257.832,8945.4434,5246.418,6367.326294117647
2914887,2017-06-28,45,Produce,7684.575,232,44.74,0.0,0.0,0.0,0.0,0.0,0.0,0.0,0.0,0.0,0.0,0.0,28,2,6,2017,5956.496,8289.742,6968.9195714285715,5797.772,6541.169222222223,7713.465,6790.340636363637,4684.852,6731.923923076923,9642.773,8864.206866666667,4198.418,6440.809470588235
2916669,2017-06-29,45,Produce,4399.278,9,44.88,0.0,0.0,0.0,0.0,0.0,0.0,0.0,0.0,0.0,0.0,0.0,29,3,6,2017,4586.0728,4516.208,6869.091428571429,4928.485,7051.175111111112,8454.064,6827.234636363635,6802.833,6638.677692307692,6941.086,8891.815266666667,6867.269,6343.556058823529
2918451,2017-06-30,45,Produce,6950.674,9,46.02,0.0,0.0,0.0,0.0,0.0,0.0,0.0,0.0,0.0,0.0,0.0,30,4,6,2017,8931.236,5876.704,6775.966285714285,7702.227,7416.423888888889,10458.425,7106.606545454545,10835.615,6476.464769230769,10264.326,8806.503866666666,3973.525,6388.609117647058
2920233,2017-07-01,45,Produce,8866.144,9,45.838,0.0,0.0,0.0,0.0,0.0,0.0,0.0,0.0,0.0,0.0,0.0,1,5,7,2017,4365.754,7220.9,6712.657685714285,5557.338,7317.308777777777,6312.092,7259.550272727272,8474.379,6332.199615384616,7747.129,8932.420666666667,7123.106,6385.606588235294
2922015,2017-07-02,45,Produce,10384.265,9,45.656,0.0,0.0,0.0,0.0,0.0,0.0,0.0,0.0,0.0,0.0,0.0,2,6,7,2017,7308.727,10542.481,6804.299685714286,6483.153,6879.164666666667,9125.871,7425.9885454545465,510.427,6622.282384615385,12757.507,8657.988599999999,8201.229,6624.982294117646
2923797,2017-07-03,45,Produce,6836.963,11,45.474000000000004,0.0,0.0,0.0,0.0,2.0,0.0,0.0,0.0,0.0,0.0,0.0,3,0,7,2017,9625.35,5956.496,6782.806257142857,8564.624,7156.050222222223,4891.12,7316.619636363635,6195.599,6727.945230769231,9586.257,8367.5508,9502.258,6661.366764705883
2925579,2017-07-04,45,Produce,5228.333,10,45.292,0.0,0.0,0.0,0.0,0.0,0.0,0.0,0.0,0.0,0.0,0.0,4,1,7,2017,7484.446,4586.0728,6987.380971428573,11241.278,7110.241666666667,5764.507,7372.055454545454,9086.712,6486.457923076924,9908.624,8368.045666666667,6566.222,6481.784470588234
2927361,2017-07-05,45,Produce,8253.452,227,45.11,0.0,0.0,0.0,0.0,0.0,0.0,0.0,0.0,0.0,0.0,0.0,5,2,7,2017,6092.725,8931.236,7330.873828571429,6608.372,6907.405777777778,7341.188,6966.661727272727,4884.856,6731.438999999999,6420.398,8256.821866666667,4758.147,6397.268294117647
2929143,2017-07-06,45,Produce,4496.211,13,45.52,0.0,0.0,0.0,0.0,0.0,0.0,0.0,0.0,0.0,0.0,0.0,6,3,7,2017,5643.115,4365.754,6894.011685714286,5029.233,7092.246,9764.345,6568.096636363636,5670.232,6604.351000000001,7035.477,8028.743466666666,8381.613,6344.144176470588
2930925,2017-07-07,45,Produce,5878.162,15,44.25,0.0,0.0,0.0,0.0,0.0,0.0,0.0,0.0,0.0,0.0,0.0,7,4,7,2017,8177.761,7308.727,6913.472971428572,8289.742,7543.282444444445,5845.859,6857.8668181818175,7613.288,6200.582769230769,9287.525,8102.463333333333,4541.574,6444.411823529412
2932707,2017-07-08,45,Produce,7688.139,15,44.3,0.0,0.0,0.0,0.0,0.0,0.0,0.0,0.0,0.0,0.0,0.0,8,5,7,2017,4200.123,9625.35,7064.479,4516.208,7253.490444444445,4811.88,6697.813727272727,9094.514,6074.6359999999995,9915.291,8112.870999999999,5742.392,6493.148
2934489,2017-07-09,45,Produce,8993.8,12,44.35,0.0,0.0,0.0,0.0,0.0,0.0,0.0,0.0,0.0,0.0,0.0,9,6,7,2017,6264.896,7484.446,6956.839714285714,5876.704,6514.0232,8323.259,6848.259,5709.72,6690.795,6085.19,8035.680933333333,7293.329,6730.973352941176
2936271,2017-07-10,45,Produce,6119.543,12,44.4,0.0,0.0,0.0,0.0,0.0,0.0,0.0,0.0,0.0,0.0,0.0,10,0,7,2017,7561.018,6092.725,6933.178142857143,7220.9,6772.1192,3994.733,6799.448363636364,4760.926,6670.991692307693,4977.415,7516.7771999999995,8622.285,6588.1702352941165
2938053,2017-07-11,45,Produce,4606.377,16,45.06,0.0,0.0,0.0,0.0,0.0,0.0,0.0,0.0,0.0,0.0,0.0,11,1,7,2017,9234.696,5643.115,6784.05942857143,10542.481,6698.399311111111,6074.209,7004.842181818182,7869.606,6354.03923076923,8693.855,7420.160333333333,5914.673,6398.572705882353
2939835,2017-07-12,45,Produce,7515.178,223,45.48,0.0,0.0,0.0,0.0,0.0,0.0,0.0,0.0,0.0,0.0,0.0,12,2,7,2017,5674.115,8177.761,6489.154857142857,5956.496,6589.397644444445,9499.564,6499.273818181819,5150.689,6637.562538461538,4589.475,7079.095533333334,4781.664,6290.783529411764
2941617,2017-07-13,45,Produce,4254.133,8,46.06,0.0,0.0,0.0,0.0,0.0,0.0,0.0,0.0,0.0,0.0,0.0,13,3,7,2017,4327.525,4200.123,6739.190571428572,4586.0728,7157.080088888888,7365.287,6522.353454545454,5586.628,6557.681076923076,6221.597,7058.282466666667,7039.439,6171.268
2943399,2017-07-14,45,Produce,5932.89,7,46.53,0.0,0.0,0.0,0.0,0.0,0.0,0.0,0.0,0.0,0.0,0.0,14,4,7,2017,7684.575,6264.896,6679.389142857142,8931.236,7335.718088888888,6546.018,6818.015727272728,6837.071,6481.123538461538,8046.884,7157.450933333333,4343.308,6221.158764705882
2945181,2017-07-15,45,Produce,7499.132,5,46.36,0.0,0.0,0.0,0.0,0.0,0.0,0.0,0.0,0.0,0.0,0.0,15,5,7,2017,4399.278,7561.018,6491.447714285714,4365.754,7210.365311111111,5227.59,6971.04590909091,8520.494,6355.637307692308,10420.441,7238.7701,5902.968,6114.652823529412
2946963,2017-07-16,45,Produce,9650.195,3,46.190000000000005,0.0,0.0,0.0,0.0,0.0,0.0,0.0,0.0,0.0,0.0,0.0,16,6,7,2017,6950.674,9234.696,6420.992571428571,7308.727,6665.991311111112,9600.52,7159.513272727273,5938.156,6576.854153846154,6589.278,6979.7409,7695.784,6312.984529411764
2948745,2017-07-17,45,Produce,5926.87,3,46.02,0.0,0.0,0.0,0.0,0.0,0.0,0.0,0.0,0.0,0.0,0.0,17,0,7,2017,8866.144,5674.115,6449.4432857142865,9625.35,6912.798533333333,4203.093,7007.467545454545,4966.33,6622.834692307693,4973.951,6910.992766666667,8016.556,6303.091117647059
2950527,2017-07-18,45,Produce,4692.474,2,46.4,0.0,0.0,0.0,0.0,0.0,0.0,0.0,0.0,0.0,0.0,0.0,18,1,7,2017,10384.265,4327.525,6547.411571428572,7484.446,6869.915222222223,6099.735,6822.49090909091,8570.659,6345.795538461538,8137.004,7133.505099999999,4695.453,6126.343058823529
2952309,2017-07-19,45,Produce,7655.288,224,47.1,0.0,0.0,0.0,0.0,0.0,0.0,0.0,0.0,0.0,0.0,0.0,19,2,7,2017,6836.963,7684.575,6733.858142857143,6092.725,6573.655222222222,8064.165,6514.244000000001,4631.773,6571.2782307692305,4792.652,6838.643033333333,4978.071,6022.217117647058
2954091,2017-07-20,45,Produce,5002.565,8,46.73,0.0,0.0,0.0,0.0,0.0,0.0,0.0,0.0,0.0,0.0,0.0,20,3,7,2017,5228.333,4399.278,6898.082285714286,5643.115,6928.684555555556,10006.591,6642.24590909091,6618.04,6450.386692307692,6108.202,6923.778166666667,7669.842,5921.468352941177
2955873,2017-07-21,45,Produce,5971.636,9,45.78,0.0,0.0,0.0,0.0,0.0,0.0,0.0,0.0,0.0,0.0,0.0,21,4,7,2017,8253.452,6950.674,7064.203428571428,8177.761,7142.681111111112,6067.874,6848.865727272728,7463.193,6387.145692307692,8523.004,7062.9825666666675,4534.458,5991.554294117647
2957655,2017-07-22,45,Produce,7249.985,9,45.92333333333333,0.0,0.0,0.0,0.0,0.0,0.0,0.0,0.0,0.0,0.0,0.0,22,5,7,2017,4496.211,8866.144,7192.890285714285,4200.123,6703.655000000001,4401.706,6791.775727272727,8585.539,6325.066538461538,10507.3125,7175.708233333334,5606.29,5983.567176470588
2959437,2017-07-23,45,Produce,9144.462,10,46.06666666666667,0.0,0.0,0.0,0.0,1.0,0.0,0.0,0.0,0.0,0.0,0.0,23,6,7,2017,5878.162,10384.265,7274.158428571428,6264.896,6352.886,7464.821,6936.746545454545,5358.673,6518.5979230769235,6029.853,6867.175033333334,6571.012,6225.408823529412
2961219,2017-07-24,45,Produce,5750.522,11,46.21,1.0,0.0,0.0,0.0,0.0,0.0,0.0,0.0,0.0,0.0,0.0,24,0,7,2017,7688.139,6836.963,7288.005999999999,7561.018,6529.758222222223,3974.571,6830.269272727272,4268.097,6941.06676923077,5053.968,6796.779233333334,7913.213,6309.19594117647
2963001,2017-07-25,45,Produce,4620.597,11,47.77,1.0,0.0,0.0,0.0,0.0,0.0,0.0,0.0,0.0,0.0,0.0,25,1,7,2017,8993.8,5228.333,7134.79,9234.696,6391.5541111111115,7954.039,6797.365818181817,8081.964,6767.330846153846,8315.1,7177.496300000001,5574.204,6160.618411764705
2964783,2017-07-26,45,Produce,7392.192,229,48.58,0.0,0.0,0.0,0.0,0.0,0.0,0.0,0.0,0.0,0.0,0.0,26,2,7,2017,6119.543,8253.452,6966.5035714285705,5674.115,6255.211111111111,7500.408,6392.888272727272,4015.038,7113.030692307692,4270.924,6972.3967,4288.612,6173.873058823529
2966565,2017-07-27,45,Produce,4518.368,15,49.05,0.0,0.0,0.0,0.0,0.0,0.0,0.0,0.0,0.0,0.0,0.0,27,3,7,2017,4606.377,4496.211,6767.865714285714,4327.525,6773.657888888889,8972.53,6430.640909090909,6014.938,6980.190692307691,5866.502,7085.908033333334,6852.144,6186.809529411765
2968347,2017-07-28,45,Produce,5695.803,15,49.72,0.0,0.0,0.0,0.0,0.0,0.0,0.0,0.0,0.0,0.0,0.0,28,4,7,2017,7515.178,5878.162,6665.377142857143,7684.575,7231.365555555556,5797.772,6809.088,7713.465,6849.522538461538,8309.663,7285.772566666667,4201.944,6255.901705882353
2970129,2017-07-29,45,Produce,7147.212,14,49.88333333333333,0.0,0.0,0.0,0.0,0.0,0.0,0.0,0.0,0.0,0.0,0.0,29,5,7,2017,4254.133,7688.139,6576.526285714286,4399.278,7150.915,4928.485,7152.402272727273,8454.064,6753.80323076923,9737.769,7379.3777,5973.125,6212.59905882353
2971911,2017-07-30,45,Produce,9001.436,15,50.04666666666667,0.0,0.0,0.0,0.0,0.0,0.0,0.0,0.0,0.0,0.0,0.0,30,6,7,2017,5932.89,8993.8,6471.058571428572,6950.674,6705.763555555556,7702.227,7391.838727272728,10458.425,7092.701076923077,5792.443,7107.4228,6903.658,6410.987411764706
2973693,2017-07-31,45,Produce,6610.095,15,50.21,0.0,0.0,0.0,0.0,0.0,0.0,0.0,0.0,0.0,0.0,0.0,31,0,7,2017,7499.132,6119.543,6436.476000000001,8866.144,6992.356555555555,5557.338,7125.947272727272,6312.092,7214.067384615385,5533.341,7039.6612000000005,8454.616,6427.051294117648
2975475,2017-08-01,45,Produce,5768.652,14,49.19,0.0,0.0,0.0,0.0,0.0,0.0,0.0,0.0,0.0,0.0,0.0,1,1,8,2017,9650.195,4606.377,6444.294285714285,10384.265,7011.099444444444,6483.153,7197.7049090909095,9125.871,6962.522461538461,10684.707,7285.234066666667,7327.349,6292.516176470588
2977257,2017-08-02,45,Produce,9582.985,228,49.6,0.0,0.0,0.0,0.0,0.0,0.0,0.0,0.0,0.0,0.0,0.0,2,2,8,2017,5926.87,7515.178,6417.293285714286,6836.963,6810.386888888888,8564.624,6792.584727272726,4891.12,7293.924076923076,5060.51,7032.492466666667,5169.966,6227.33405882353
2979039,2017-08-03,45,Produce,4793.263,15,49.03,0.0,0.0,0.0,0.0,0.0,0.0,0.0,0.0,0.0,0.0,0.0,3,3,8,2017,4692.474,4254.133,6511.063999999999,5228.333,7175.815888888889,11241.278,6799.760363636363,5764.507,7138.523692307693,6495.322,7158.615866666668,8241.885,6158.870823529412
2980821,2017-08-04,45,Produce,6352.9683,15,49.57,0.0,0.0,0.0,0.0,0.0,0.0,0.0,0.0,0.0,0.0,0.0,4,4,8,2017,7655.288,5932.89,6483.539285714286,8253.452,7402.8298888888885,6608.372,7008.161727272727,7341.188,7012.427076923077,9106.17,7289.033333333334,4915.373,6311.910411764706
2982603,2017-08-05,45,Produce,7535.96,11,49.50333333333333,0.0,0.0,0.0,0.0,1.0,0.0,0.0,0.0,0.0,0.0,0.0,5,5,8,2017,5002.565,7499.132,6495.838857142857,4496.211,7097.652,5029.233,7266.366636363636,9764.345,7092.850153846153,9927.081,7410.928933333334,6152.638,6293.267941176471
2984385,2017-08-06,45,Produce,8227.434,9,49.43666666666667,0.0,0.0,0.0,0.0,0.0,0.0,0.0,0.0,0.0,0.0,0.0,6,6,8,2017,5971.636,9650.195,6515.854571428571,5878.162,6455.664444444444,8289.742,7302.653727272728,5845.859,6854.916461538462,6427.989,7195.8334,6933.697,6462.116235294117
2986167,2017-08-07,45,Produce,5458.487,9,49.37,0.0,0.0,0.0,0.0,0.0,0.0,0.0,0.0,0.0,0.0,0.0,7,0,8,2017,7249.985,5926.87,6622.773428571428,7688.139,6531.021666666666,4516.208,7130.19189090909,4811.88,6872.910769230769,5013.429,7112.495533333334,7907.06,6451.215117647058
2987949,2017-08-08,45,Produce,4887.771,9,49.07,0.0,0.0,0.0,0.0,0.0,0.0,0.0,0.0,0.0,0.0,0.0,8,1,8,2017,9144.462,4692.474,6628.308571428571,8993.8,6422.777222222222,5876.704,7163.520254545455,8323.259,6573.043000000001,8737.561,7353.920533333334,5879.376,6355.522605882354
2989731,2017-08-09,45,Produce,7743.166,233,49.59,0.0,0.0,0.0,0.0,0.0,0.0,0.0,0.0,0.0,0.0,0.0,9,2,8,2017,5750.522,7655.288,6592.716142857143,6119.543,6164.937,7220.9,6538.472618181818,3994.733,6935.304538461539,4523.976,6968.529666666666,4283.915,6343.358782352941
2991513,2017-08-10,45,Produce,4806.372,10,48.54,0.0,0.0,0.0,0.0,0.0,0.0,0.0,0.0,1.0,0.0,0.0,10,3,8,2017,4620.597,5002.565,6520.4685714285715,4606.377,6498.594888888889,10542.481,6602.141254545454,6074.209,6815.195769230771,6162.775,7075.901333333332,6805.117,6179.490841176471
2993295,2017-08-11,45,Produce,7112.925,11,48.81,0.0,0.0,0.0,0.0,0.0,0.0,0.0,0.0,0.0,0.0,1.0,11,4,8,2017,7392.192,5971.636,6495.275999999999,7515.178,6917.709666666667,5956.496,7019.970072727272,9499.564,6719.699384615385,7822.764,7251.7586,4410.329,6218.900076470589
2995077,2017-08-12,45,Produce,6242.682,10,48.403333333333336,0.0,0.0,0.0,0.0,0.0,0.0,0.0,0.0,0.0,0.0,0.0,12,5,8,2017,4518.368,7249.985,6485.007857142858,4254.133,6722.01311111111,4586.0728,6946.761345454544,7365.287,6588.916307692308,10138.097,7145.069799999999,6890.285,6176.944605882352
2996859,2017-08-13,45,Produce,7621.855,10,47.99666666666667,0.0,0.0,0.0,0.0,0.0,0.0,0.0,0.0,0.0,0.0,0.0,13,6,8,2017,5695.803,9144.462,6447.422714285714,5932.89,6244.088,8931.236,7090.081072727273,6546.018,6908.972615384615,6511.336,6921.851133333333,6535.222,6361.573958823529
2998641,2017-08-14,45,Produce,6380.623,8,47.59,0.0,0.0,0.0,0.0,0.0,0.0,0.0,0.0,0.0,0.0,0.0,14,0,8,2017,7147.212,5750.522,6378.251714285715,7499.132,6414.726333333333,4365.754,7068.84570909091,5227.59,7005.587538461537,4542.375,6856.236399999999,7072.365,6382.142135294118
3000423,2017-08-15,45,Produce,4973.192,9,47.57,0.0,0.0,0.0,0.0,1.0,0.0,0.0,0.0,0.0,0.0,0.0,15,1,8,2017,9001.436,4620.597,6338.847000000001,9650.195,6458.747222222222,7308.727,7155.833072727273,9600.52,6703.929615384616,9154.716,7079.022933333335,5787.806,6278.469429411764
