,date,store_nbr,family,sales,onpromotion,oil_price,Additional_Local,Additional_National,Bridge_National,Event_National,Holiday_Local,Holiday_National,Holiday_Regional,Moved_Local,Moved_National,Transfer_Local,Transfer_National,day_of_month,day_of_week,month,year,sales_lag16,sales_lag21,sales_window7_lag21,sales_lag30,sales_window9_lag30,sales_lag60,sales_window11_lag60,sales_lag90,sales_window13_lag90,sales_lag181,sales_window15_lag181,sales_lag363,sales_window17_lag363
666399,2014-01-10,7,Produce,5075.791,0,92.39,0.0,0.0,0.0,0.0,0.0,0.0,0.0,0.0,0.0,0.0,0.0,10,4,1,2014,30.0,6.0,14.142857142857142,4.0,17.88888888888889,39.0,10.636363636363637,15.0,12.923076923076923,5.0,15.066666666666666,0.0,0.0
668181,2014-01-11,7,Produce,4682.441,0,92.07666666666667,0.0,0.0,0.0,0.0,0.0,0.0,0.0,0.0,0.0,0.0,0.0,11,5,1,2014,15.0,9.0,13.285714285714286,4.0,21.0,27.0,13.181818181818182,2.0,12.23076923076923,24.0,16.466666666666665,0.0,0.0
669963,2014-01-12,7,Produce,4722.375,0,91.76333333333334,0.0,0.0,0.0,0.0,0.0,0.0,0.0,0.0,0.0,0.0,0.0,12,6,1,2014,21.0,16.0,16.428571428571427,2.0,18.77777777777778,7.0,16.90909090909091,42.0,11.0,33.0,17.0,0.0,0.0
671745,2014-01-13,7,Produce,5934.21,0,91.45,0.0,0.0,0.0,0.0,0.0,0.0,0.0,0.0,0.0,0.0,0.0,13,0,1,2014,27.0,34.0,18.142857142857142,10.0,15.666666666666666,8.0,18.09090909090909,12.0,14.153846153846153,21.0,16.666666666666668,0.0,0.0
673527,2014-01-14,7,Produce,4588.567,0,92.15,0.0,0.0,0.0,0.0,0.0,0.0,0.0,0.0,0.0,0.0,0.0,14,1,1,2014,26.0,17.0,20.285714285714285,21.0,13.777777777777779,6.0,17.363636363636363,5.0,16.923076923076923,5.0,15.333333333333334,0.0,0.0
675309,2014-01-15,7,Produce,6908.873,0,93.78,0.0,0.0,0.0,0.0,0.0,0.0,0.0,0.0,0.0,0.0,0.0,15,2,1,2014,33.0,30.0,22.857142857142858,49.0,14.0,6.0,16.363636363636363,0.0,17.307692307692307,9.0,15.6,0.0,0.0
677091,2014-01-16,7,Produce,4616.559,0,93.54,0.0,0.0,0.0,0.0,0.0,0.0,0.0,0.0,0.0,0.0,0.0,16,3,1,2014,42.0,15.0,24.285714285714285,23.0,14.555555555555555,30.0,12.909090909090908,7.0,17.153846153846153,7.0,15.733333333333333,0.0,0.0
678873,2014-01-17,7,Produce,5090.836,0,93.96,0.0,0.0,0.0,0.0,0.0,0.0,0.0,0.0,0.0,0.0,0.0,17,4,1,2014,3.0,21.0,24.142857142857142,8.0,16.11111111111111,41.0,11.0,7.0,16.153846153846153,5.0,16.0,0.0,0.0
680655,2014-01-18,7,Produce,4785.48,0,94.0975,0.0,0.0,0.0,0.0,0.0,0.0,0.0,0.0,0.0,0.0,0.0,18,5,1,2014,7324.906,27.0,27.714285714285715,3.0,18.77777777777778,13.0,13.272727272727273,20.0,16.0,30.0,17.866666666666667,0.0,0.0
682437,2014-01-19,7,Produce,4974.407,0,94.235,0.0,0.0,0.0,0.0,0.0,0.0,0.0,0.0,0.0,0.0,0.0,19,6,1,2014,6386.039,26.0,23.857142857142858,6.0,18.333333333333332,0.0,16.272727272727273,63.0,14.384615384615385,33.0,19.266666666666666,0.0,0.0
684219,2014-01-20,7,Produce,5422.722,0,94.3725,0.0,0.0,0.0,0.0,0.0,0.0,0.0,0.0,0.0,0.0,0.0,20,0,1,2014,5776.183,33.0,1068.1294285714287,9.0,16.22222222222222,3.0,18.09090909090909,39.0,15.692307692307692,41.0,19.266666666666666,0.0,0.0
686001,2014-01-21,7,Produce,4289.659,0,94.51,0.0,0.0,0.0,0.0,0.0,0.0,0.0,0.0,0.0,0.0,0.0,21,1,1,2014,5944.478,42.0,1977.4207142857142,16.0,15.333333333333334,1.0,17.727272727272727,8.0,17.46153846153846,1.0,18.4,0.0,0.0
687783,2014-01-22,7,Produce,6879.452,0,96.35,0.0,0.0,0.0,0.0,0.0,0.0,0.0,0.0,0.0,0.0,0.0,22,2,1,2014,7066.926,3.0,2798.7325714285716,34.0,16.77777777777778,6.0,15.363636363636363,3.0,17.692307692307693,7.0,18.533333333333335,0.0,0.0
689565,2014-01-23,7,Produce,4184.259,0,97.23,0.0,0.0,0.0,0.0,0.0,0.0,0.0,0.0,0.0,0.0,0.0,23,3,1,2014,5436.566,7324.906,3644.2294285714283,17.0,19.444444444444443,32.0,12.454545454545455,2.0,17.53846153846154,8.0,18.466666666666665,0.0,0.0
691347,2014-01-24,7,Produce,4881.654,0,96.66,0.0,0.0,0.0,0.0,0.0,0.0,0.0,0.0,0.0,0.0,0.0,24,4,1,2014,7666.1997,6386.039,4649.076,30.0,21.666666666666668,41.0,12.454545454545455,0.0,17.153846153846153,11.0,18.666666666666668,0.0,0.0
693129,2014-01-25,7,Produce,4911.387,0,96.38,0.0,0.0,0.0,0.0,0.0,0.0,0.0,0.0,0.0,0.0,0.0,25,5,1,2014,5049.021,5776.183,5419.728285714285,15.0,24.333333333333332,26.0,13.545454545454545,21.0,16.076923076923077,33.0,20.066666666666666,0.0,0.0
694911,2014-01-26,7,Produce,4828.02,0,96.1,0.0,0.0,0.0,0.0,0.0,0.0,0.0,0.0,0.0,0.0,0.0,26,6,1,2014,5075.791,5944.478,6514.471100000001,21.0,27.22222222222222,2.0,16.363636363636363,29.0,12.846153846153847,45.0,21.2,0.0,0.0
696693,2014-01-27,7,Produce,4910.637,0,95.82,0.0,0.0,0.0,0.0,0.0,0.0,0.0,0.0,0.0,0.0,0.0,27,0,1,2014,4682.441,7066.926,6189.344671428572,27.0,23.77777777777778,4.0,18.09090909090909,28.0,13.923076923076923,33.0,21.133333333333333,0.0,0.0
698475,2014-01-28,7,Produce,4443.221,0,97.49,0.0,0.0,0.0,0.0,0.0,0.0,0.0,0.0,0.0,0.0,0.0,28,1,1,2014,4722.375,5436.566,6002.166385714286,26.0,835.7673333333333,9.0,18.818181818181817,3.0,14.615384615384615,8.0,18.6,0.0,0.0
700257,2014-01-29,7,Produce,6026.2617,0,97.34,0.0,0.0,0.0,0.0,0.0,0.0,0.0,0.0,0.0,0.0,0.0,29,2,1,2014,5934.21,7666.1997,5845.917528571429,33.0,1541.993888888889,13.0,15.909090909090908,5.0,14.538461538461538,7.0,18.933333333333334,0.0,0.0
702039,2014-01-30,7,Produce,3867.589,0,98.25,0.0,0.0,0.0,0.0,0.0,0.0,0.0,0.0,0.0,0.0,0.0,30,3,1,2014,4588.567,5049.021,5671.331385714286,42.0,2182.1253333333334,12.0,12.272727272727273,2.0,14.384615384615385,8.0,18.866666666666667,0.0,0.0
703821,2014-01-31,7,Produce,4920.852,0,97.55,0.0,0.0,0.0,0.0,0.0,0.0,0.0,0.0,0.0,0.0,0.0,31,4,1,2014,6908.873,5075.791,5509.514814285714,3.0,2840.2895555555556,34.0,11.818181818181818,6.0,14.384615384615385,10.0,18.666666666666668,0.0,0.0
705603,2014-02-01,7,Produce,41.0,0,97.17999999999999,0.0,0.0,0.0,0.0,0.0,0.0,0.0,0.0,0.0,0.0,0.0,1,5,2,2014,4616.559,4682.441,5388.3721000000005,7324.906,3622.5035555555555,20.0,15.545454545454545,21.0,13.384615384615385,26.0,18.8,0.0,0.0
707385,2014-02-02,7,Produce,28.0,0,96.81,0.0,0.0,0.0,0.0,0.0,0.0,0.0,0.0,0.0,0.0,0.0,2,6,2,2014,5090.836,4722.375,5280.1825714285715,6386.039,4223.677555555555,14.0,18.454545454545453,53.0,12.23076923076923,47.0,18.333333333333332,0.0,0.0
709167,2014-02-03,7,Produce,1.0,0,96.44,0.0,0.0,0.0,0.0,0.0,0.0,0.0,0.0,0.0,0.0,0.0,3,0,2,2014,4785.48,5934.21,5218.402285714285,5776.183,5071.8108555555555,0.0,19.454545454545453,17.0,13.076923076923077,32.0,17.866666666666667,0.0,0.0
710949,2014-02-04,7,Produce,5.0,0,97.24,0.0,0.0,0.0,0.0,0.0,0.0,0.0,0.0,0.0,0.0,0.0,4,1,2,2014,4974.407,4588.567,5220.551571428571,5944.478,5628.146522222222,1.0,18.636363636363637,2.0,14.923076923076923,3.0,16.066666666666666,0.0,0.0
712731,2014-02-05,7,Produce,5.0,0,97.4,0.0,0.0,0.0,0.0,0.0,0.0,0.0,0.0,0.0,0.0,0.0,5,2,2,2014,5422.722,6908.873,5235.271428571429,7066.926,6191.789966666667,21.0,17.90909090909091,0.0,15.076923076923077,6.0,15.733333333333333,0.0,0.0
714513,2014-02-06,7,Produce,3.0,0,97.84,0.0,0.0,0.0,0.0,0.0,0.0,0.0,0.0,0.0,0.0,0.0,6,3,2,2014,4289.659,4616.559,5271.276,5436.566,5898.182744444444,43.0,15.0,0.0,15.538461538461538,6.0,15.733333333333333,0.0,0.0
716295,2014-02-07,7,Produce,16.0,0,99.98,0.0,0.0,0.0,0.0,0.0,0.0,0.0,0.0,0.0,0.0,0.0,7,4,2,2014,6879.452,5090.836,5198.206285714286,7666.1997,5713.331188888889,36.0,14.090909090909092,8.0,15.538461538461538,5.0,15.666666666666666,0.0,0.0
718077,2014-02-08,7,Produce,34.0,0,100.02666666666667,0.0,0.0,0.0,0.0,0.0,0.0,0.0,0.0,0.0,0.0,0.0,8,5,2,2014,4184.259,4785.48,5155.505142857143,5049.021,5730.889744444445,20.0,14.727272727272727,14.0,14.384615384615385,13.0,16.666666666666668,0.0,0.0
719859,2014-02-09,7,Produce,19.0,0,100.07333333333334,0.0,0.0,0.0,0.0,0.0,0.0,0.0,0.0,0.0,0.0,0.0,9,6,2,2014,4881.654,4974.407,5151.302142857143,5075.791,5580.2329666666665,4.0,19.181818181818183,39.0,12.615384615384615,26.0,17.933333333333334,0.0,0.0
721641,2014-02-10,7,Produce,5.0,0,100.12,0.0,0.0,0.0,0.0,0.0,0.0,0.0,0.0,0.0,0.0,0.0,10,0,2,2014,4911.387,5422.722,5089.545,4682.441,5562.671522222223,4.0,21.181818181818183,27.0,14.461538461538462,38.0,17.666666666666668,0.0,0.0
723423,2014-02-11,7,Produce,8.0,0,99.96,0.0,0.0,0.0,0.0,0.0,0.0,0.0,0.0,0.0,0.0,0.0,11,1,2,2014,4828.02,4289.659,5059.661857142857,4722.375,5471.559633333334,2.0,20.0,7.0,15.307692307692308,6.0,15.533333333333333,0.0,0.0
725205,2014-02-12,7,Produce,6.0,0,100.38,0.0,0.0,0.0,0.0,0.0,0.0,0.0,0.0,0.0,0.0,0.0,12,2,2,2014,4910.637,6879.452,5077.648571428572,5934.21,5185.408111111111,10.0,16.363636363636363,8.0,15.307692307692308,3.0,15.8,0.0,0.0
726987,2014-02-13,7,Produce,10.0,0,100.27,0.0,0.0,0.0,0.0,0.0,0.0,0.0,0.0,0.0,0.0,0.0,13,3,2,2014,4443.221,4184.259,5056.736142857143,4588.567,5156.125777777778,21.0,13.636363636363637,6.0,15.538461538461538,7.0,16.0,0.0,0.0
728769,2014-02-14,7,Produce,24.0,0,100.31,0.0,0.0,0.0,0.0,0.0,0.0,0.0,0.0,0.0,0.0,0.0,14,4,2,2014,6026.2617,4881.654,4983.581142857142,6908.873,5144.860888888888,49.0,12.636363636363637,6.0,15.0,7.0,15.866666666666667,0.0,0.0
730551,2014-02-15,7,Produce,35.0,0,100.8675,0.0,0.0,0.0,0.0,0.0,0.0,0.0,0.0,0.0,0.0,0.0,15,5,2,2014,3867.589,4911.387,5005.518571428572,4616.559,5227.114333333334,23.0,13.727272727272727,30.0,14.384615384615385,25.0,17.4,0.0,0.0
732333,2014-02-16,7,Produce,31.0,0,101.42500000000001,0.0,0.0,0.0,0.0,0.0,0.0,0.0,0.0,0.0,0.0,0.0,16,6,2,2014,4920.852,4828.02,4883.634242857143,5090.836,5179.034777777778,8.0,16.454545454545453,41.0,13.846153846153847,45.0,20.6,0.0,0.0
734115,2014-02-17,7,Produce,2.0,0,101.9825,0.0,0.0,0.0,0.0,0.0,0.0,0.0,0.0,0.0,0.0,0.0,17,0,2,2014,41.0,4910.637,4838.395671428572,4785.48,5284.0616666666665,3.0,17.818181818181817,13.0,14.923076923076923,43.0,20.533333333333335,0.0,0.0
735897,2014-02-18,7,Produce,4.0,0,102.54,0.0,0.0,0.0,0.0,0.0,0.0,0.0,0.0,0.0,0.0,0.0,18,1,2,2014,28.0,4443.221,4843.9953857142855,4974.407,5239.138555555555,6.0,19.636363636363637,0.0,16.384615384615383,0.0,18.0,0.0,0.0
737679,2014-02-19,7,Produce,3.0,0,103.46,0.0,0.0,0.0,0.0,0.0,0.0,0.0,0.0,0.0,0.0,0.0,19,2,2,2014,1.0,6026.2617,4148.2258142857145,5422.722,5013.892,9.0,19.09090909090909,3.0,15.923076923076923,7.0,17.933333333333334,0.0,0.0
739461,2014-02-20,7,Produce,19.0,0,103.2,0.0,0.0,0.0,0.0,0.0,0.0,0.0,0.0,0.0,0.0,0.0,20,3,2,2014,5.0,3867.589,3462.5086714285717,4289.659,5046.650666666666,16.0,16.545454545454547,1.0,15.76923076923077,9.0,18.333333333333332,0.0,0.0
741243,2014-02-21,7,Produce,35.0,0,102.53,0.0,0.0,0.0,0.0,0.0,0.0,0.0,0.0,0.0,0.0,0.0,21,4,2,2014,5.0,4920.852,2761.131957142857,6879.452,5017.448888888889,34.0,16.90909090909091,6.0,16.0,4.0,18.933333333333334,0.0,0.0
743025,2014-02-22,7,Produce,48.0,0,102.74333333333334,0.0,0.0,0.0,0.0,0.0,0.0,0.0,0.0,0.0,0.0,0.0,22,5,2,2014,3.0,41.0,2127.1003857142855,4184.259,5031.355222222222,17.0,18.545454545454547,32.0,14.692307692307692,28.0,20.266666666666666,0.0,0.0
744807,2014-02-23,7,Produce,22.0,0,102.95666666666666,0.0,0.0,0.0,0.0,0.0,0.0,0.0,0.0,0.0,0.0,0.0,23,6,2,2014,16.0,28.0,1266.9201428571428,4881.654,4972.334555555555,30.0,21.272727272727273,41.0,12.461538461538462,61.0,23.133333333333333,0.0,0.0
746589,2014-02-24,7,Produce,1.0,0,103.17,0.0,0.0,0.0,0.0,0.0,0.0,0.0,0.0,0.0,0.0,0.0,24,0,2,2014,34.0,1.0,714.836,4911.387,5039.394522222222,15.0,24.545454545454547,26.0,14.076923076923077,25.0,22.733333333333334,0.0,0.0
748371,2014-02-25,7,Produce,0.0,0,102.2,0.0,0.0,0.0,0.0,0.0,0.0,0.0,0.0,0.0,0.0,0.0,25,1,2,2014,19.0,5.0,14.142857142857142,4828.02,4992.497855555555,21.0,24.0,2.0,15.615384615384615,0.0,19.866666666666667,0.0,0.0
750153,2014-02-26,7,Produce,3.0,0,102.93,0.0,0.0,0.0,0.0,0.0,0.0,0.0,0.0,0.0,0.0,0.0,26,2,2,2014,5.0,5.0,13.142857142857142,4910.637,4774.875633333333,27.0,688.446,4.0,16.46153846153846,5.0,20.333333333333332,0.0,0.0
751935,2014-02-27,7,Produce,6.0,0,102.68,0.0,0.0,0.0,0.0,0.0,0.0,0.0,0.0,0.0,0.0,0.0,27,3,2,2014,8.0,3.0,11.857142857142858,4443.221,4314.5135222222225,26.0,1265.9040909090909,9.0,16.384615384615383,9.0,20.0,0.0,0.0
753717,2014-02-28,7,Produce,31.0,0,102.88,0.0,0.0,0.0,0.0,0.0,0.0,0.0,0.0,0.0,0.0,0.0,28,4,2,2014,6.0,16.0,12.428571428571429,6026.2617,3775.2186333333334,33.0,1789.466181818182,13.0,16.0,16.0,20.0,0.0,0.0
755499,2014-03-01,7,Produce,4209.933,0,103.7,0.0,0.0,0.0,0.0,0.0,0.0,0.0,0.0,0.0,0.0,0.0,1,5,3,2014,10.0,34.0,12.857142857142858,3867.589,3229.6200777777776,42.0,2327.146,12.0,15.153846153846153,27.0,21.466666666666665,0.0,0.0
757281,2014-03-02,7,Produce,2926.491,0,104.52,0.0,0.0,0.0,0.0,1.0,0.0,0.0,0.0,0.0,0.0,0.0,2,6,3,2014,24.0,19.0,13.0,4920.852,2693.728966666667,3.0,2968.230181818182,34.0,15.307692307692308,68.0,21.733333333333334,0.0,0.0
759063,2014-03-03,7,Produce,3280.503,0,105.34,0.0,0.0,0.0,0.0,0.0,1.0,0.0,0.0,0.0,0.0,0.0,3,0,3,2014,35.0,5.0,14.0,41.0,2148.6581888888886,7324.906,3460.5543636363636,20.0,16.076923076923077,39.0,19.333333333333332,0.0,0.0
760845,2014-03-04,7,Produce,5004.597,0,103.64,0.0,0.0,0.0,0.0,0.0,1.0,0.0,0.0,0.0,0.0,0.0,4,1,3,2014,31.0,8.0,15.142857142857142,28.0,1655.3002999999999,6386.039,4155.027063636364,14.0,17.46153846153846,0.0,18.066666666666666,0.0,0.0
762627,2014-03-05,7,Produce,8251.618,0,101.75,0.0,0.0,0.0,0.0,0.0,0.0,0.0,0.0,0.0,0.0,0.0,5,2,3,2014,2.0,6.0,15.285714285714286,1.0,987.4934444444443,5776.183,4611.665336363637,0.0,17.46153846153846,7.0,18.2,0.0,0.0
764409,2014-03-06,7,Produce,5406.111,0,101.82,0.0,0.0,0.0,0.0,0.0,0.0,0.0,0.0,0.0,0.0,0.0,6,3,3,2014,4.0,10.0,17.0,5.0,561.5391111111111,5944.478,5070.100881818182,1.0,17.076923076923077,2.0,18.0,0.0,0.0
766191,2014-03-07,7,Produce,5065.919,0,102.82,0.0,0.0,0.0,0.0,0.0,0.0,0.0,0.0,0.0,0.0,0.0,7,4,3,2014,3.0,24.0,16.571428571428573,5.0,16.88888888888889,7066.926,5491.959154545454,21.0,16.23076923076923,9.0,18.0,0.0,0.0
767973,2014-03-08,7,Produce,4589.025,0,102.34333333333333,0.0,0.0,0.0,0.0,0.0,0.0,0.0,0.0,0.0,0.0,0.0,8,5,3,2014,19.0,35.0,16.0,3.0,12.88888888888889,5436.566,5920.993245454545,43.0,16.076923076923077,26.0,18.466666666666665,0.0,1.9411764705882353
769755,2014-03-09,7,Produce,5028.719,0,101.86666666666666,0.0,0.0,0.0,0.0,0.0,0.0,0.0,0.0,0.0,0.0,0.0,9,6,3,2014,35.0,31.0,15.571428571428571,16.0,10.666666666666666,7666.1997,5794.566336363636,36.0,15.076923076923077,32.0,17.6,0.0,3.823529411764706
771537,2014-03-10,7,Produce,5202.107,0,101.39,0.0,0.0,0.0,0.0,0.0,0.0,0.0,0.0,0.0,0.0,0.0,10,0,3,2014,48.0,2.0,16.857142857142858,34.0,11.222222222222221,5049.021,5631.1597909090915,20.0,17.307692307692307,25.0,14.6,0.0,3.823529411764706
773319,2014-03-11,7,Produce,4729.206,0,100.29,0.0,0.0,0.0,0.0,0.0,0.0,0.0,0.0,0.0,0.0,0.0,11,1,3,2014,22.0,4.0,18.428571428571427,19.0,11.777777777777779,5075.791,5734.1316090909095,4.0,18.0,6.0,12.066666666666666,0.0,4.176470588235294
775101,2014-03-12,7,Produce,7113.0273,0,98.29,0.0,0.0,0.0,0.0,0.0,0.0,0.0,0.0,0.0,0.0,0.0,12,2,3,2014,1.0,3.0,20.285714285714285,5.0,13.88888888888889,4682.441,5613.411700000001,4.0,18.615384615384617,2.0,12.4,0.0,4.235294117647059
776883,2014-03-13,7,Produce,4319.11,0,98.57,0.0,0.0,0.0,0.0,0.0,0.0,0.0,0.0,0.0,0.0,0.0,13,3,3,2014,0.0,19.0,19.0,8.0,17.444444444444443,4722.375,5433.767154545454,2.0,18.76923076923077,2.0,12.333333333333334,0.0,4.588235294117647
778665,2014-03-14,7,Produce,4681.961,0,99.23,0.0,0.0,0.0,0.0,0.0,0.0,0.0,0.0,0.0,0.0,0.0,14,4,3,2014,3.0,35.0,18.857142857142858,6.0,19.11111111111111,5934.21,5374.577518181818,10.0,17.615384615384617,9.0,13.133333333333333,0.0,5.294117647058823
780447,2014-03-15,7,Produce,3811.0881,0,98.96333333333334,0.0,0.0,0.0,0.0,0.0,0.0,0.0,0.0,0.0,0.0,0.0,15,5,3,2014,6.0,48.0,18.285714285714285,10.0,15.555555555555555,4588.567,5129.869090909091,21.0,15.0,23.0,14.0,0.0,7.235294117647059
782229,2014-03-16,7,Produce,5349.729,0,98.69666666666667,0.0,0.0,0.0,0.0,0.0,0.0,0.0,0.0,0.0,0.0,0.0,16,6,3,2014,31.0,22.0,18.285714285714285,24.0,13.88888888888889,6908.873,5163.841909090909,49.0,13.461538461538462,14.0,14.333333333333334,33.0,8.470588235294118
784011,2014-03-17,7,Produce,5717.603,0,98.43,0.0,0.0,0.0,0.0,0.0,0.0,0.0,0.0,0.0,0.0,0.0,17,0,3,2014,4209.933,1.0,16.428571428571427,35.0,13.666666666666666,4616.559,5092.3753636363635,23.0,14.538461538461538,23.0,13.933333333333334,32.0,8.588235294117647
785793,2014-03-18,7,Produce,4547.642,0,100.08,0.0,0.0,0.0,0.0,0.0,0.0,0.0,0.0,0.0,0.0,0.0,18,1,3,2014,2926.491,0.0,15.857142857142858,31.0,14.88888888888889,5090.836,5292.103636363637,8.0,15.538461538461538,1.0,12.266666666666667,0.0,9.294117647058824
787575,2014-03-19,7,Produce,6779.6206,0,100.71,0.0,0.0,0.0,0.0,0.0,0.0,0.0,0.0,0.0,0.0,0.0,19,2,3,2014,3280.503,3.0,610.419,2.0,18.11111111111111,4785.48,5243.184,3.0,17.53846153846154,5.0,12.066666666666666,6.0,9.823529411764707
789357,2014-03-20,7,Produce,4299.639,0,99.68,0.0,0.0,0.0,0.0,0.0,0.0,0.0,0.0,0.0,0.0,0.0,20,3,3,2014,5004.597,6.0,1025.3462857142856,4.0,22.333333333333332,4974.407,5147.497090909091,6.0,18.53846153846154,6.0,12.066666666666666,1.0,10.705882352941176
791139,2014-03-21,7,Produce,4721.367,0,99.97,0.0,0.0,0.0,0.0,0.0,0.0,0.0,0.0,0.0,0.0,0.0,21,4,3,2014,8251.618,31.0,1493.8467142857141,3.0,22.11111111111111,5422.722,5176.844363636364,9.0,19.384615384615383,14.0,12.466666666666667,6.0,12.058823529411764
792921,2014-03-22,7,Produce,4719.345,0,99.99666666666667,0.0,0.0,0.0,0.0,0.0,0.0,0.0,0.0,0.0,0.0,0.0,22,5,3,2014,5406.111,4209.933,2208.789142857143,19.0,18.333333333333332,4289.659,4987.675909090909,16.0,19.846153846153847,22.0,12.666666666666666,12.0,15.058823529411764
794703,2014-03-23,7,Produce,4558.515,0,100.02333333333333,0.0,0.0,0.0,0.0,0.0,0.0,0.0,0.0,0.0,0.0,0.0,23,6,3,2014,5065.919,2926.491,3387.1631428571427,35.0,14.88888888888889,6879.452,5014.410272727273,34.0,18.076923076923077,31.0,13.933333333333334,33.0,17.0
796485,2014-03-24,7,Produce,6104.87,0,100.05,0.0,0.0,0.0,0.0,0.0,0.0,0.0,0.0,0.0,0.0,0.0,24,0,3,2014,4589.025,3280.503,4158.607571428572,48.0,15.0,4184.259,4955.536181818182,17.0,18.846153846153847,26.0,14.6,21.0,17.11764705882353
798267,2014-03-25,7,Produce,4901.349,0,99.66,0.0,0.0,0.0,0.0,0.0,0.0,0.0,0.0,0.0,0.0,0.0,25,1,3,2014,5028.719,5004.597,4877.881714285714,22.0,15.222222222222221,4881.654,5068.334518181819,30.0,21.46153846153846,0.0,13.2,2.0,15.352941176470589
800049,2014-03-26,7,Produce,6525.2764,0,100.61,0.0,0.0,0.0,0.0,0.0,0.0,0.0,0.0,0.0,0.0,0.0,26,2,3,2014,5202.107,8251.618,4932.037714285713,1.0,18.333333333333332,4911.387,4967.7147,15.0,21.46153846153846,3.0,13.133333333333333,12.0,13.588235294117647
801831,2014-03-27,7,Produce,4127.084,0,101.25,0.0,0.0,0.0,0.0,0.0,0.0,0.0,0.0,0.0,0.0,0.0,27,3,3,2014,4729.206,5406.111,5232.356,0.0,483.99255555555555,4828.02,4922.090154545454,21.0,584.4543076923077,2.0,13.0,9.0,14.058823529411764
803613,2014-03-28,7,Produce,4746.654,0,101.73,0.0,0.0,0.0,0.0,0.0,0.0,0.0,0.0,0.0,0.0,0.0,28,4,3,2014,7113.0273,5065.919,5506.870857142857,3.0,805.2693333333333,4910.637,4535.848427272727,27.0,1074.9957692307692,8.0,12.8,15.0,14.764705882352942
805395,2014-03-29,7,Produce,4398.54,0,101.67666666666666,0.0,0.0,0.0,0.0,0.0,0.0,0.0,0.0,0.0,0.0,0.0,29,5,3,2014,4319.11,4589.025,5467.529285714286,6.0,1164.4363333333333,4443.221,3912.9891545454548,26.0,1518.0867692307693,12.0,12.933333333333334,23.0,18.470588235294116
807177,2014-03-30,7,Produce,4382.998,0,101.62333333333333,0.0,0.0,0.0,0.0,0.0,0.0,0.0,0.0,0.0,0.0,0.0,30,6,3,2014,4681.961,5028.719,5304.873471428572,31.0,1718.0582222222222,6026.2617,3532.6928818181823,33.0,1972.7389230769231,42.0,13.866666666666667,51.0,20.058823529411764
808959,2014-03-31,7,Produce,5315.992,0,101.57,0.0,0.0,0.0,0.0,0.0,0.0,0.0,0.0,0.0,0.0,0.0,31,0,3,2014,3811.0881,5202.107,5149.587614285714,4209.933,2634.7935555555555,3867.589,3089.3607,42.0,2515.040923076923,24.0,13.266666666666667,33.0,19.352941176470587
810741,2014-04-01,7,Produce,2.0,0,99.69,0.0,0.0,0.0,0.0,0.0,0.0,1.0,0.0,0.0,0.0,0.0,1,1,4,2014,5349.729,4729.206,5094.736471428571,2926.491,3235.4725555555556,4920.852,2643.325518181818,3.0,2930.930615384615,2.0,11.733333333333333,2.0,17.470588235294116
812523,2014-04-02,7,Produce,4.0,0,99.6,0.0,0.0,0.0,0.0,0.0,0.0,0.0,0.0,0.0,0.0,0.0,2,2,4,2014,5717.603,7113.0273,4983.602628571428,3280.503,3798.0191111111108,41.0,2204.6873363636364,7324.906,3519.4844384615385,0.0,11.933333333333334,3.0,16.764705882352942
814305,2014-04-03,7,Produce,4.0,0,100.29,0.0,0.0,0.0,0.0,0.0,0.0,0.0,0.0,0.0,0.0,0.0,3,3,4,2014,4547.642,4319.11,5029.4612,5004.597,4307.244111111111,28.0,1759.7203363636363,6386.039,3906.255284615385,3.0,12.066666666666666,2.0,17.352941176470587
816087,2014-04-04,7,Produce,32.0,0,101.16,0.0,0.0,0.0,0.0,0.0,0.0,0.0,0.0,0.0,0.0,0.0,4,4,4,2014,6779.6206,4681.961,5103.103485714286,8251.618,4862.546222222222,1.0,1358.8820636363637,5776.183,4294.623823076923,3.0,12.933333333333334,8.0,18.0
817869,2014-04-05,7,Produce,39.0,0,100.91666666666667,0.0,0.0,0.0,0.0,0.0,0.0,0.0,0.0,0.0,0.0,0.0,5,5,4,2014,4299.639,3811.0881,5077.165771428571,5406.111,4972.7877777777785,5.0,812.7673636363635,5944.478,4652.811592307692,16.0,12.533333333333333,18.0,20.470588235294116
819651,2014-04-06,7,Produce,30.0,0,100.67333333333333,0.0,0.0,0.0,0.0,0.0,0.0,0.0,0.0,0.0,0.0,0.0,6,6,4,2014,4721.367,5349.729,5029.536242857143,5065.919,5173.089444444445,5.0,461.6229090909091,7066.926,5013.532746153846,36.0,14.533333333333333,64.0,21.529411764705884
821433,2014-04-07,7,Produce,4.0,0,100.43,0.0,0.0,0.0,0.0,0.0,0.0,0.0,0.0,0.0,0.0,0.0,7,0,4,2014,4719.345,5717.603,5026.754671428572,4589.025,5598.925477777778,3.0,15.0,5436.566,5466.779669230769,22.0,12.533333333333333,33.0,20.352941176470587
823215,2014-04-08,7,Produce,6.0,0,102.57,0.0,0.0,0.0,0.0,0.0,0.0,0.0,0.0,0.0,0.0,0.0,8,1,4,2014,4558.515,4547.642,5032.3841,5028.719,5522.760255555556,16.0,11.818181818181818,7666.1997,5819.515592307692,3.0,11.266666666666667,0.0,17.352941176470587
824997,2014-04-09,7,Produce,9.0,0,103.55,0.0,0.0,0.0,0.0,0.0,0.0,0.0,0.0,0.0,0.0,0.0,9,2,4,2014,6104.87,6779.6206,5162.135085714285,5202.107,5126.1317,34.0,10.181818181818182,5049.021,5787.5130538461535,3.0,11.133333333333333,1.0,15.647058823529411
826779,2014-04-10,7,Produce,3.0,0,103.37,0.0,0.0,0.0,0.0,0.0,0.0,0.0,0.0,0.0,0.0,0.0,10,3,4,2014,4901.349,4299.639,5049.104514285714,4729.206,4948.906933333334,19.0,12.272727272727273,5075.791,5651.399207692308,5.0,11.6,9.0,15.764705882352942
828561,2014-04-11,7,Produce,29.0,0,103.68,0.0,0.0,0.0,0.0,0.0,0.0,0.0,0.0,0.0,0.0,0.0,11,4,4,2014,6525.2764,4721.367,5104.428371428571,7113.0273,4980.441377777777,5.0,15.0,4682.441,5598.680207692309,15.0,11.866666666666667,12.0,16.823529411764707
830343,2014-04-12,7,Produce,35.0,0,103.80333333333334,0.0,0.0,0.0,0.0,1.0,0.0,0.0,0.0,0.0,0.0,0.0,12,5,4,2014,4127.084,4719.345,5154.957942857143,4319.11,5105.838933333333,8.0,17.363636363636363,4722.375,5509.526515384616,2.0,13.0,23.0,19.823529411764707
832125,2014-04-13,7,Produce,27.0,0,103.92666666666666,0.0,0.0,0.0,0.0,0.0,0.0,0.0,0.0,0.0,0.0,0.0,13,6,4,2014,4746.654,4558.515,5118.623057142858,4681.961,5052.385933333334,6.0,17.272727272727273,5934.21,5348.563515384615,42.0,16.133333333333333,51.0,21.764705882352942
833907,2014-04-14,7,Produce,3.0,0,104.05,0.0,0.0,0.0,0.0,1.0,0.0,0.0,0.0,0.0,0.0,0.0,14,0,4,2014,4398.54,6104.87,5093.972342857143,3811.0881,5227.665222222222,10.0,16.181818181818183,4588.567,5347.498592307693,12.0,16.333333333333332,33.0,20.941176470588236
835689,2014-04-15,7,Produce,1.0,0,103.7,0.0,0.0,0.0,0.0,0.0,0.0,0.0,0.0,0.0,0.0,0.0,15,1,4,2014,4382.998,4901.349,5097.584771428571,5349.729,5179.935555555556,24.0,13.363636363636363,6908.873,5087.764692307692,5.0,15.4,3.0,17.294117647058822
837471,2014-04-16,7,Produce,9.0,0,103.71,0.0,0.0,0.0,0.0,0.0,0.0,0.0,0.0,0.0,0.0,0.0,16,2,4,2014,5315.992,6525.2764,5051.755485714285,5717.603,4914.195522222221,35.0,13.363636363636363,4616.559,5228.567076923077,0.0,15.4,0.0,15.529411764705882
839253,2014-04-17,7,Produce,24.0,0,104.33,0.0,0.0,0.0,0.0,0.0,0.0,0.0,0.0,0.0,0.0,0.0,17,3,4,2014,2.0,4127.084,5026.6816285714285,4547.642,4958.666077777777,31.0,16.09090909090909,5090.836,5159.987692307692,7.0,15.333333333333334,4.0,16.352941176470587
841035,2014-04-18,7,Produce,18.0,0,104.335,0.0,0.0,0.0,0.0,0.0,1.0,0.0,0.0,0.0,0.0,0.0,18,4,4,2014,4.0,4746.654,4913.984771428572,6779.6206,4944.949855555556,2.0,19.727272727272727,4785.48,5175.31176923077,7.0,15.0,4.0,17.235294117647058
842817,2014-04-19,7,Produce,41.0,0,104.34,0.0,0.0,0.0,0.0,0.0,0.0,0.0,0.0,0.0,0.0,0.0,19,5,4,2014,4.0,4398.54,4214.077771428571,4299.639,5199.814511111112,4.0,21.181818181818183,4974.407,5189.851153846154,20.0,15.4,21.0,18.823529411764707
844599,2014-04-20,7,Produce,21.0,0,104.345,0.0,0.0,0.0,0.0,0.0,0.0,0.0,0.0,0.0,0.0,0.0,20,6,4,2014,32.0,4382.998,3282.466857142857,4721.367,5149.994511111112,3.0,20.363636363636363,5422.722,5104.759615384615,63.0,17.2,53.0,19.941176470588236
846381,2014-04-21,7,Produce,5.0,0,104.35,0.0,0.0,0.0,0.0,1.0,0.0,0.0,0.0,0.0,0.0,0.0,21,0,4,2014,39.0,5315.992,2693.4548571428572,4719.345,5239.736,19.0,18.181818181818183,4289.659,5129.53423076923,39.0,16.266666666666666,41.0,18.764705882352942
848163,2014-04-22,7,Produce,0.0,0,101.69,0.0,0.0,0.0,0.0,0.0,0.0,0.0,0.0,0.0,0.0,0.0,22,1,4,2014,30.0,2.0,2019.932857142857,4558.515,5193.007333333333,35.0,15.272727272727273,6879.452,4939.868692307692,8.0,15.666666666666666,4.0,17.294117647058822
849945,2014-04-23,7,Produce,6.0,0,101.47,0.0,0.0,0.0,0.0,0.0,0.0,0.0,0.0,0.0,0.0,0.0,23,2,4,2014,4.0,4.0,1397.1414285714286,6104.87,4967.122155555556,48.0,13.0,4184.259,5048.307361538462,3.0,15.666666666666666,2.0,17.823529411764707
851727,2014-04-24,7,Produce,6.0,0,102.2,0.0,0.0,0.0,0.0,0.0,0.0,0.0,0.0,0.0,0.0,0.0,24,3,4,2014,6.0,4.0,775.2845714285714,4901.349,4978.111155555556,22.0,15.636363636363637,4881.654,4954.211438461539,2.0,15.8,3.0,18.0
853509,2014-04-25,7,Produce,10.0,0,100.85,0.0,0.0,0.0,0.0,0.0,0.0,0.0,0.0,0.0,0.0,0.0,25,4,4,2014,9.0,32.0,16.428571428571427,6525.2764,4940.5146,1.0,397.9939090909091,4911.387,4964.6246692307695,0.0,15.733333333333333,14.0,19.11764705882353
855291,2014-04-26,7,Produce,56.0,0,100.94333333333333,0.0,0.0,0.0,0.0,0.0,0.0,0.0,0.0,0.0,0.0,0.0,26,5,4,2014,3.0,39.0,17.0,4127.084,5006.808711111112,0.0,663.7658181818182,4828.02,4585.131823076923,21.0,16.666666666666668,16.0,21.470588235294116
857073,2014-04-27,7,Produce,32.0,0,101.03666666666666,0.0,0.0,0.0,0.0,0.0,0.0,0.0,0.0,0.0,0.0,0.0,27,6,4,2014,29.0,30.0,17.714285714285715,4746.654,4500.529266666666,3.0,960.2660909090908,4910.637,4170.153207692308,29.0,18.866666666666667,36.0,23.176470588235293
858855,2014-04-28,7,Produce,3.0,0,101.13,0.0,0.0,0.0,0.0,0.0,0.0,0.0,0.0,0.0,0.0,0.0,28,0,4,2014,35.0,4.0,17.571428571428573,4398.54,3822.6548222222223,6.0,1412.0476363636362,4443.221,3840.2563615384615,28.0,15.8,31.0,22.058823529411764
860637,2014-04-29,7,Produce,4.0,0,101.56,0.0,0.0,0.0,0.0,0.0,0.0,0.0,0.0,0.0,0.0,0.0,29,1,4,2014,27.0,6.0,17.142857142857142,4382.998,3278.504933333333,31.0,2157.831090909091,6026.2617,3311.4523615384614,3.0,13.333333333333334,3.0,19.058823529411764
862419,2014-04-30,7,Produce,33.0,0,100.07,0.0,0.0,0.0,0.0,0.0,0.0,0.0,0.0,0.0,0.0,0.0,30,2,4,2014,3.0,9.0,16.571428571428573,5315.992,2557.029777777778,4209.933,2647.295727272727,3867.589,2989.9709000000003,5.0,12.8,26.0,17.235294117647058
864201,2014-05-01,7,Produce,47.0,0,99.69,0.0,0.0,0.0,0.0,0.0,1.0,0.0,0.0,0.0,0.0,0.0,1,3,5,2014,1.0,3.0,16.142857142857142,2.0,2102.798222222222,2926.491,3107.742909090909,4920.852,2614.689823076923,2.0,12.6,42.0,17.823529411764707
865983,2014-05-02,7,Produce,22.0,0,100.09,0.0,0.0,0.0,0.0,0.0,0.0,0.0,0.0,0.0,0.0,0.0,2,4,5,2014,9.0,29.0,16.0,4.0,1578.7255555555555,3280.503,3524.927,41.0,2238.121592307692,6.0,13.0,6.0,20.176470588235293
867765,2014-05-03,7,Produce,33.0,0,99.97333333333333,0.0,0.0,0.0,0.0,0.0,0.0,0.0,0.0,0.0,0.0,0.0,3,5,5,2014,24.0,35.0,15.285714285714286,4.0,1090.4433333333334,5004.597,3981.8105454545453,28.0,1869.3508230769232,21.0,13.933333333333334,19.0,23.941176470588236
869547,2014-05-04,7,Produce,23.0,0,99.85666666666667,0.0,0.0,0.0,0.0,0.0,0.0,0.0,0.0,0.0,0.0,0.0,4,6,5,2014,18.0,27.0,15.285714285714286,32.0,604.1102222222222,8251.618,4454.183909090909,1.0,1493.0710538461537,53.0,15.133333333333333,44.0,26.352941176470587
871329,2014-05-05,7,Produce,1.0,0,99.74,0.0,0.0,0.0,0.0,0.0,0.0,0.0,0.0,0.0,0.0,0.0,5,0,5,2014,41.0,3.0,18.285714285714285,39.0,14.444444444444445,5406.111,4881.293545454545,5.0,1151.6694384615384,17.0,15.0,33.0,25.647058823529413
873111,2014-05-06,7,Produce,6.0,0,99.81,0.0,0.0,0.0,0.0,0.0,0.0,0.0,0.0,0.0,0.0,0.0,6,1,5,2014,21.0,1.0,16.714285714285715,30.0,14.555555555555555,5065.919,5145.2112090909095,5.0,688.7262307692307,2.0,13.6,2.0,23.58823529411765
874893,2014-05-07,7,Produce,12.0,0,101.06,0.0,0.0,0.0,0.0,0.0,0.0,0.0,0.0,0.0,0.0,0.0,7,2,5,2014,5.0,9.0,17.571428571428573,4.0,17.333333333333332,4589.025,5271.812936363636,3.0,391.6809230769231,0.0,13.933333333333334,2.0,22.11764705882353
876675,2014-05-08,7,Produce,5.0,0,100.52,0.0,0.0,0.0,0.0,0.0,0.0,0.0,0.0,0.0,0.0,0.0,8,3,5,2014,0.0,24.0,16.714285714285715,6.0,20.77777777777778,5028.719,5399.218209090908,16.0,13.923076923076923,0.0,14.0,10.0,22.705882352941178
878457,2014-05-09,7,Produce,23.0,0,100.32,0.0,0.0,0.0,0.0,0.0,0.0,0.0,0.0,0.0,0.0,0.0,9,4,5,2014,6.0,18.0,17.0,9.0,20.22222222222222,5202.107,5290.7174,34.0,12.615384615384615,8.0,14.266666666666667,14.0,22.352941176470587
880239,2014-05-10,7,Produce,31.0,0,100.50999999999999,0.0,1.0,0.0,0.0,0.0,0.0,0.0,0.0,0.0,0.0,0.0,10,5,5,2014,6.0,41.0,16.857142857142858,3.0,16.22222222222222,4729.206,5026.909309090909,19.0,13.153846153846153,14.0,15.866666666666667,42.0,22.11764705882353
882021,2014-05-11,7,Produce,73.0,0,100.7,0.0,0.0,0.0,1.0,0.0,0.0,0.0,0.0,0.0,0.0,0.0,11,6,5,2014,10.0,21.0,16.428571428571427,29.0,13.0,7113.0273,5055.226763636364,5.0,15.461538461538462,39.0,17.2,67.0,24.705882352941178
883803,2014-05-12,7,Produce,0.0,0,100.89,0.0,0.0,0.0,0.0,1.0,0.0,0.0,0.0,0.0,0.0,0.0,12,0,5,2014,56.0,5.0,13.857142857142858,35.0,13.555555555555555,4319.11,5008.110672727273,8.0,15.23076923076923,27.0,14.533333333333333,55.0,23.705882352941178
885585,2014-05-13,7,Produce,4.0,0,102.01,0.0,0.0,0.0,0.0,0.0,0.0,0.0,0.0,0.0,0.0,0.0,13,1,5,2014,32.0,0.0,12.714285714285714,27.0,15.555555555555555,4681.961,5207.255727272727,6.0,15.153846153846153,7.0,13.4,4.0,21.529411764705884
887367,2014-05-14,7,Produce,2.0,0,102.63,0.0,0.0,0.0,0.0,0.0,0.0,0.0,0.0,0.0,0.0,0.0,14,2,5,2014,3.0,6.0,14.857142857142858,3.0,16.555555555555557,3811.0881,5140.975727272727,10.0,15.153846153846153,8.0,13.466666666666667,1.0,20.058823529411764
889149,2014-05-15,7,Produce,3.0,0,101.74,0.0,0.0,0.0,0.0,0.0,0.0,0.0,0.0,0.0,0.0,0.0,15,3,5,2014,4.0,6.0,16.428571428571427,1.0,20.77777777777778,5349.729,5097.272090909091,24.0,15.384615384615385,6.0,13.533333333333333,6.0,21.647058823529413
890931,2014-05-16,7,Produce,32.0,0,102.31,0.0,0.0,0.0,0.0,0.0,0.0,0.0,0.0,0.0,0.0,0.0,16,4,5,2014,33.0,10.0,16.142857142857142,9.0,19.88888888888889,5717.603,5096.375636363636,35.0,15.461538461538462,6.0,13.933333333333334,13.0,24.705882352941178
892713,2014-05-17,7,Produce,30.0,0,102.52333333333334,0.0,0.0,0.0,0.0,0.0,0.0,0.0,0.0,0.0,0.0,0.0,17,5,5,2014,47.0,56.0,16.714285714285715,24.0,16.555555555555557,4547.642,4864.147245454545,31.0,17.692307692307693,30.0,15.533333333333333,20.0,26.88235294117647
894495,2014-05-18,7,Produce,21.0,0,102.73666666666666,0.0,0.0,0.0,0.0,0.0,0.0,0.0,0.0,0.0,0.0,0.0,18,6,5,2014,22.0,32.0,20.571428571428573,18.0,13.555555555555555,6779.6206,5026.489063636363,2.0,19.0,41.0,17.333333333333332,38.0,26.470588235294116
896277,2014-05-19,7,Produce,2.0,0,102.95,0.0,0.0,0.0,0.0,0.0,0.0,0.0,0.0,0.0,0.0,0.0,19,0,5,2014,33.0,3.0,26.428571428571427,41.0,13.88888888888889,4299.639,5046.433427272727,4.0,18.46153846153846,13.0,16.466666666666665,50.0,24.294117647058822
898059,2014-05-20,7,Produce,3.0,0,102.8,0.0,0.0,0.0,0.0,0.0,0.0,0.0,0.0,0.0,0.0,0.0,20,1,5,2014,23.0,4.0,28.142857142857142,21.0,14.444444444444445,4721.367,5293.177818181819,3.0,18.0,0.0,14.8,2.0,20.352941176470587
899841,2014-05-21,7,Produce,6.0,0,104.31,0.0,0.0,0.0,0.0,0.0,0.0,0.0,0.0,0.0,0.0,0.0,21,2,5,2014,1.0,33.0,24.857142857142858,5.0,14.555555555555555,4719.345,5182.028272727272,19.0,17.46153846153846,3.0,14.6,7.0,17.470588235294116
901623,2014-05-22,7,Produce,5.0,0,104.03,0.0,0.0,0.0,0.0,0.0,0.0,0.0,0.0,0.0,0.0,0.0,22,3,5,2014,6.0,47.0,23.571428571428573,0.0,18.11111111111111,4558.515,5093.760181818182,35.0,16.076923076923077,1.0,14.666666666666666,8.0,17.647058823529413
903405,2014-05-23,7,Produce,19.0,0,105.01,0.0,0.0,0.0,0.0,0.0,0.0,0.0,0.0,0.0,0.0,0.0,23,4,5,2014,12.0,22.0,23.285714285714285,6.0,19.666666666666668,6104.87,5080.205454545455,48.0,15.76923076923077,6.0,15.133333333333333,29.0,18.88235294117647
905187,2014-05-24,7,Produce,43.0,0,104.9525,0.0,0.0,0.0,0.0,0.0,1.0,0.0,0.0,0.0,0.0,0.0,24,5,5,2014,5.0,33.0,23.571428571428573,6.0,15.444444444444445,4901.349,4862.330672727273,22.0,337.22561538461537,32.0,15.533333333333333,54.0,21.0
906969,2014-05-25,7,Produce,35.0,0,104.89500000000001,0.0,0.0,0.0,0.0,0.0,0.0,0.0,0.0,0.0,0.0,0.0,25,6,5,2014,23.0,23.0,20.571428571428573,10.0,13.555555555555555,6525.2764,4954.7264000000005,1.0,562.1864615384616,41.0,15.8,47.0,21.823529411764707
908751,2014-05-26,7,Produce,4.0,0,104.8375,0.0,0.0,0.0,0.0,0.0,0.0,0.0,0.0,0.0,0.0,0.0,26,0,5,2014,31.0,1.0,14.571428571428571,56.0,16.666666666666668,4127.084,4525.693036363636,0.0,814.2251538461538,26.0,14.4,7.0,20.705882352941178
910533,2014-05-27,7,Produce,4.0,0,104.78,0.0,0.0,0.0,0.0,0.0,0.0,0.0,0.0,0.0,0.0,0.0,27,1,5,2014,73.0,6.0,14.714285714285714,32.0,21.88888888888889,4746.654,4097.025309090909,3.0,1198.9633846153845,2.0,14.466666666666667,5.0,18.470588235294116
912315,2014-05-28,7,Produce,3.0,0,103.37,0.0,0.0,0.0,0.0,0.0,0.0,0.0,0.0,0.0,0.0,0.0,28,2,5,2014,0.0,12.0,14.428571428571429,3.0,23.666666666666668,4398.54,3682.9784909090904,6.0,1832.2416923076923,4.0,14.466666666666667,0.0,15.529411764705882
914097,2014-05-29,7,Produce,6.0,0,104.26,0.0,0.0,0.0,0.0,0.0,0.0,0.0,0.0,0.0,0.0,0.0,29,3,5,2014,4.0,5.0,21.571428571428573,4.0,26.666666666666668,4382.998,3130.8994000000002,31.0,2245.404076923077,9.0,14.333333333333334,6.0,15.764705882352942
915879,2014-05-30,7,Produce,12.0,0,103.4,0.0,0.0,0.0,0.0,0.0,0.0,0.0,0.0,0.0,0.0,0.0,30,4,5,2014,2.0,23.0,21.428571428571427,33.0,28.11111111111111,5315.992,2688.8676727272727,4209.933,2631.397846153846,13.0,15.666666666666666,7.0,16.941176470588236
917661,2014-05-31,7,Produce,38.0,0,103.29,0.0,0.0,0.0,0.0,0.0,0.0,0.0,0.0,0.0,0.0,0.0,31,5,5,2014,3.0,31.0,21.142857142857142,47.0,22.0,2.0,2098.388,2926.491,2982.7074615384618,12.0,18.133333333333333,22.0,19.058823529411764
919443,2014-06-01,7,Produce,24.0,0,103.17999999999999,0.0,0.0,0.0,0.0,0.0,0.0,0.0,0.0,0.0,0.0,0.0,1,6,6,2014,32.0,73.0,19.714285714285715,22.0,19.11111111111111,4.0,1723.562181818182,3280.503,3369.455076923077,34.0,18.4,42.0,19.0
921225,2014-06-02,7,Produce,1.0,0,103.07,0.0,0.0,0.0,0.0,0.0,0.0,0.0,0.0,0.0,0.0,0.0,2,0,6,2014,30.0,0.0,19.428571428571427,33.0,20.11111111111111,4.0,1292.5936363636363,5004.597,3769.617153846154,20.0,17.0,27.0,15.882352941176471
923007,2014-06-03,7,Produce,3.0,0,103.34,0.0,0.0,0.0,0.0,0.0,0.0,0.0,0.0,0.0,0.0,0.0,3,1,6,2014,21.0,4.0,20.714285714285715,23.0,20.22222222222222,32.0,893.5445454545454,8251.618,4133.171461538462,14.0,15.533333333333333,1.0,13.411764705882353
924789,2014-06-04,7,Produce,5.0,0,103.27,0.0,0.0,0.0,0.0,0.0,0.0,0.0,0.0,0.0,0.0,0.0,4,2,6,2014,2.0,2.0,20.571428571428573,1.0,19.11111111111111,39.0,495.3629090909091,5406.111,4679.865869230769,0.0,15.666666666666666,0.0,13.352941176470589
926571,2014-06-05,7,Produce,12.0,0,103.17,0.0,0.0,0.0,0.0,0.0,0.0,0.0,0.0,0.0,0.0,0.0,5,3,6,2014,3.0,3.0,13.142857142857142,6.0,17.333333333333332,30.0,14.727272727272727,5065.919,5009.7204846153845,1.0,15.533333333333333,0.0,13.705882352941176
928353,2014-06-06,7,Produce,22.0,0,103.32,0.0,0.0,0.0,0.0,0.0,0.0,0.0,0.0,0.0,0.0,0.0,6,4,6,2014,6.0,32.0,13.428571428571429,12.0,23.0,4.0,17.727272727272727,4589.025,5046.030330769231,21.0,15.6,6.0,15.529411764705882
930135,2014-06-07,7,Produce,35.0,0,103.91,0.0,0.0,0.0,0.0,0.0,0.0,0.0,0.0,0.0,0.0,0.0,7,5,6,2014,5.0,30.0,13.285714285714286,5.0,19.333333333333332,6.0,19.818181818181817,5028.719,5114.076261538461,43.0,16.133333333333333,27.0,18.529411764705884
931917,2014-06-08,7,Produce,30.0,0,104.5,0.0,0.0,0.0,0.0,0.0,0.0,0.0,0.0,0.0,0.0,0.0,8,6,6,2014,19.0,21.0,13.857142857142858,23.0,17.22222222222222,9.0,19.727272727272727,5202.107,5273.247492307692,36.0,18.6,44.0,21.941176470588236
933699,2014-06-09,7,Produce,1.0,0,105.09,0.0,0.0,0.0,0.0,0.0,0.0,0.0,0.0,0.0,0.0,0.0,9,0,6,2014,43.0,2.0,14.142857142857142,31.0,17.333333333333332,3.0,16.90909090909091,4729.206,5328.094107692308,20.0,17.866666666666667,28.0,20.823529411764707
935481,2014-06-10,7,Produce,0.0,0,105.02,0.0,0.0,0.0,0.0,0.0,0.0,0.0,0.0,0.0,0.0,0.0,10,1,6,2014,35.0,3.0,12.285714285714286,73.0,17.0,29.0,14.181818181818182,7113.0273,5043.172876923077,4.0,17.066666666666666,1.0,18.764705882352942
937263,2014-06-11,7,Produce,2.0,0,105.04,0.0,0.0,0.0,0.0,0.0,0.0,0.0,0.0,0.0,0.0,0.0,11,2,6,2014,4.0,6.0,14.142857142857142,0.0,19.22222222222222,35.0,13.636363636363637,4319.11,5148.827461538462,4.0,16.333333333333332,5.0,17.647058823529413
939045,2014-06-12,7,Produce,8.0,0,107.2,0.0,0.0,0.0,1.0,0.0,0.0,0.0,0.0,0.0,0.0,0.0,12,3,6,2014,4.0,5.0,16.142857142857142,4.0,22.0,27.0,14.909090909090908,4681.961,5089.882846153846,2.0,16.733333333333334,6.0,18.176470588235293
940827,2014-06-13,7,Produce,22.0,0,107.49,0.0,0.0,0.0,0.0,0.0,0.0,0.0,0.0,0.0,0.0,0.0,13,4,6,2014,3.0,19.0,16.428571428571427,2.0,21.77777777777778,3.0,18.09090909090909,3811.0881,5100.063,10.0,17.266666666666666,11.0,20.11764705882353
942609,2014-06-14,7,Produce,68.0,0,107.5,0.0,0.0,0.0,0.0,0.0,0.0,0.0,0.0,0.0,0.0,0.0,14,5,6,2014,6.0,43.0,16.571428571428573,3.0,18.555555555555557,1.0,19.181818181818183,5349.729,5076.265,21.0,16.933333333333334,31.0,23.58823529411765
944391,2014-06-15,7,Produce,49.0,0,107.50999999999999,0.0,0.0,0.0,1.0,0.0,0.0,0.0,0.0,0.0,0.0,0.0,15,6,6,2014,12.0,35.0,16.142857142857142,32.0,10.777777777777779,9.0,19.363636363636363,5717.603,5026.757923076923,49.0,16.333333333333332,57.0,25.0
946173,2014-06-16,7,Produce,4.0,0,107.52,0.0,0.0,0.0,0.0,0.0,0.0,0.0,0.0,0.0,0.0,0.0,16,0,6,2014,38.0,4.0,16.285714285714285,30.0,11.444444444444445,24.0,16.727272727272727,4547.642,5132.578230769232,23.0,15.066666666666666,65.0,23.470588235294116
947955,2014-06-17,7,Produce,3.0,0,106.95,0.0,0.0,0.0,0.0,0.0,0.0,0.0,0.0,0.0,0.0,0.0,17,1,6,2014,24.0,4.0,15.285714285714286,21.0,11.555555555555555,18.0,14.090909090909092,6779.6206,4962.449130769231,8.0,15.733333333333333,3.0,21.352941176470587
949737,2014-06-18,7,Produce,2.0,1,106.64,0.0,0.0,0.0,0.0,0.0,0.0,0.0,0.0,0.0,0.0,0.0,18,2,6,2014,1.0,3.0,14.571428571428571,2.0,13.444444444444445,41.0,12.181818181818182,4299.639,5132.154238461538,3.0,16.466666666666665,7.0,20.11764705882353
951519,2014-06-19,7,Produce,7.0,0,107.08,0.0,0.0,0.0,0.0,0.0,0.0,0.0,0.0,0.0,0.0,0.0,19,3,6,2014,3.0,6.0,13.0,3.0,17.88888888888889,21.0,12.818181818181818,4721.367,5089.471392307692,6.0,17.6,8.0,20.764705882352942
953301,2014-06-20,7,Produce,44.0,0,107.95,0.0,0.0,0.0,1.0,0.0,0.0,0.0,0.0,0.0,0.0,0.0,20,4,6,2014,5.0,12.0,12.571428571428571,6.0,18.22222222222222,5.0,17.818181818181817,4719.345,5161.438,9.0,19.266666666666666,10.0,22.058823529411764
955083,2014-06-21,7,Produce,41.0,0,107.57666666666667,0.0,0.0,0.0,0.0,0.0,0.0,0.0,0.0,0.0,0.0,0.0,21,5,6,2014,12.0,38.0,12.428571428571429,5.0,15.333333333333334,0.0,19.90909090909091,4558.515,5088.2696153846155,16.0,20.333333333333332,33.0,24.941176470588236
956865,2014-06-22,7,Produce,27.0,0,107.20333333333333,0.0,0.0,0.0,0.0,0.0,0.0,0.0,0.0,0.0,0.0,0.0,22,6,6,2014,22.0,24.0,12.714285714285714,19.0,13.444444444444445,6.0,18.0,6104.87,4985.607692307693,34.0,21.133333333333333,59.0,25.647058823529413
958647,2014-06-23,7,Produce,3.0,0,106.83,0.0,0.0,0.0,0.0,1.0,0.0,0.0,0.0,0.0,0.0,0.0,23,0,6,2014,35.0,1.0,13.571428571428571,43.0,13.555555555555555,6.0,16.727272727272727,4901.349,5044.711538461538,17.0,20.666666666666668,30.0,24.176470588235293
960429,2014-06-24,7,Produce,7.0,0,106.64,0.0,0.0,0.0,0.0,0.0,0.0,0.0,0.0,0.0,0.0,0.0,24,1,6,2014,30.0,3.0,15.0,35.0,13.88888888888889,10.0,16.0,6525.2764,4523.356107692308,30.0,19.333333333333332,1.0,21.352941176470587
962211,2014-06-25,7,Produce,5.0,1,107.04,0.0,0.0,0.0,1.0,2.0,0.0,1.0,0.0,0.0,0.0,0.0,25,2,6,2014,1.0,5.0,14.571428571428571,4.0,14.555555555555555,56.0,18.363636363636363,4127.084,4192.922338461539,15.0,507.1270666666667,8.0,18.235294117647058
963993,2014-06-26,7,Produce,2.0,0,106.49,0.0,0.0,0.0,0.0,0.0,0.0,0.0,0.0,0.0,0.0,0.0,26,3,6,2014,0.0,12.0,15.428571428571429,4.0,18.22222222222222,32.0,19.90909090909091,4746.654,3830.0479538461536,21.0,932.663,7.0,18.58823529411765
965775,2014-06-27,7,Produce,29.0,0,106.46,0.0,0.0,0.0,0.0,0.0,0.0,0.0,0.0,0.0,0.0,0.0,27,4,6,2014,2.0,22.0,15.428571428571429,3.0,18.77777777777778,3.0,22.90909090909091,4398.54,3469.482953846154,27.0,1317.3418666666666,12.0,19.647058823529413
967557,2014-06-28,7,Produce,38.0,0,106.33,0.0,0.0,0.0,1.0,0.0,0.0,0.0,0.0,0.0,0.0,0.0,28,5,6,2014,8.0,35.0,15.0,6.0,14.11111111111111,4.0,24.454545454545453,4382.998,3121.8279538461534,26.0,1713.0404,27.0,21.88235294117647
969339,2014-06-29,7,Produce,24.0,0,106.19999999999999,0.0,0.0,0.0,1.0,0.0,0.0,0.0,0.0,0.0,0.0,0.0,29,6,6,2014,22.0,30.0,14.571428571428571,12.0,10.555555555555555,33.0,24.0,5315.992,2654.5302615384617,33.0,2183.1021333333333,55.0,22.529411764705884
971121,2014-06-30,7,Produce,2.0,0,106.07,0.0,0.0,0.0,1.0,0.0,0.0,0.0,0.0,0.0,0.0,0.0,30,0,6,2014,68.0,1.0,14.0,38.0,10.666666666666666,47.0,23.636363636363637,2.0,2277.811107692308,42.0,2543.2732,23.0,20.764705882352942
972903,2014-07-01,7,Produce,5311.224,0,106.06,0.0,0.0,0.0,1.0,0.0,0.0,0.0,0.0,0.0,0.0,0.0,1,1,7,2014,49.0,0.0,14.0,24.0,11.555555555555555,22.0,19.636363636363637,4.0,1776.3283076923076,3.0,3053.219846666667,6.0,17.647058823529413
974685,2014-07-02,7,Produce,6942.522,169,105.18,0.0,0.0,0.0,0.0,0.0,0.0,0.0,0.0,0.0,0.0,0.0,2,2,7,2014,4.0,2.0,18.714285714285715,1.0,13.666666666666666,33.0,17.181818181818183,4.0,1459.5526153846154,7324.906,3387.821246666667,9.0,16.294117647058822
976467,2014-07-03,7,Produce,4576.476,0,104.76,0.0,0.0,0.0,0.0,2.0,0.0,0.0,0.0,0.0,0.0,0.0,3,3,7,2014,3.0,8.0,21.428571428571427,3.0,16.88888888888889,23.0,19.0,32.0,1094.6561538461538,6386.039,3725.2073133333333,12.0,16.529411764705884
978249,2014-07-04,7,Produce,4750.659,1,104.6175,0.0,0.0,0.0,1.0,0.0,0.0,0.0,0.0,0.0,0.0,0.0,4,4,7,2014,2.0,22.0,21.857142857142858,5.0,18.88888888888889,1.0,21.454545454545453,39.0,758.5376923076923,5776.183,4035.970046666667,9.0,17.470588235294116
980031,2014-07-05,7,Produce,4444.942,0,104.475,0.0,0.0,0.0,1.0,0.0,0.0,0.0,0.0,0.0,0.0,0.0,5,5,7,2014,7.0,68.0,22.285714285714285,12.0,14.777777777777779,6.0,25.09090909090909,30.0,424.0763076923077,5944.478,4348.995046666667,25.0,19.0
981813,2014-07-06,7,Produce,4182.16,0,104.3325,0.0,0.0,0.0,0.0,0.0,0.0,0.0,0.0,0.0,0.0,0.0,6,6,7,2014,44.0,49.0,22.285714285714285,22.0,12.11111111111111,12.0,20.818181818181817,4.0,17.23076923076923,7066.926,4742.875713333333,46.0,19.529411764705884
983595,2014-07-07,7,Produce,5077.421,0,104.19,0.0,0.0,0.0,0.0,0.0,0.0,0.0,0.0,0.0,0.0,0.0,7,0,7,2014,41.0,4.0,22.142857142857142,35.0,12.222222222222221,5.0,19.181818181818183,6.0,17.307692307692307,5436.566,5046.58018,21.0,18.235294117647058
985377,2014-07-08,7,Produce,4689.47,0,104.06,0.0,0.0,0.0,1.0,0.0,0.0,0.0,0.0,0.0,0.0,0.0,8,1,7,2014,27.0,3.0,25.285714285714285,30.0,12.777777777777779,23.0,16.363636363636363,9.0,17.076923076923077,7666.1997,5504.371713333333,3.0,15.529411764705882
987159,2014-07-09,7,Produce,6375.363,167,102.93,0.0,0.0,0.0,1.0,0.0,0.0,0.0,0.0,0.0,0.0,0.0,9,2,7,2014,3.0,2.0,21.428571428571427,1.0,14.666666666666666,31.0,14.545454545454545,3.0,17.46153846153846,5049.021,5811.942313333333,6.0,14.588235294117647
988941,2014-07-10,7,Produce,3997.183,0,103.61,0.0,0.0,0.0,0.0,0.0,0.0,0.0,0.0,0.0,0.0,0.0,10,3,7,2014,7.0,7.0,18.285714285714285,0.0,20.88888888888889,73.0,17.363636363636363,29.0,16.846153846153847,5075.791,5663.004313333334,7.0,14.529411764705882
990723,2014-07-11,7,Produce,4320.759,0,101.48,0.0,0.0,0.0,0.0,0.0,0.0,0.0,0.0,0.0,0.0,0.0,11,4,7,2014,5.0,44.0,18.142857142857142,2.0,23.88888888888889,0.0,19.545454545454547,35.0,15.23076923076923,4682.441,5556.30038,5.0,15.764705882352942
992505,2014-07-12,7,Produce,5112.503,0,101.56333333333333,0.0,0.0,0.0,1.0,0.0,0.0,0.0,0.0,0.0,0.0,0.0,12,5,7,2014,2.0,41.0,18.714285714285715,8.0,20.444444444444443,4.0,20.363636363636363,27.0,16.076923076923077,4722.375,5502.848646666666,24.0,17.0
994287,2014-07-13,7,Produce,4134.961,0,101.64666666666668,0.0,0.0,0.0,1.0,0.0,0.0,0.0,0.0,0.0,0.0,0.0,13,6,7,2014,29.0,27.0,19.142857142857142,22.0,17.444444444444443,2.0,20.09090909090909,3.0,17.384615384615383,5934.21,5468.064913333334,33.0,18.88235294117647
996069,2014-07-14,7,Produce,5069.148,0,101.73,0.0,0.0,0.0,0.0,0.0,0.0,0.0,0.0,0.0,0.0,0.0,14,0,7,2014,38.0,3.0,18.428571428571427,68.0,17.555555555555557,3.0,18.272727272727273,1.0,17.307692307692307,4588.567,5282.91378,21.0,17.470588235294116
997851,2014-07-15,7,Produce,4340.395,0,100.56,0.0,0.0,0.0,0.0,0.0,0.0,0.0,0.0,0.0,0.0,0.0,15,1,7,2014,24.0,7.0,16.285714285714285,49.0,18.333333333333332,32.0,16.0,9.0,16.615384615384617,6908.873,5379.106180000001,5.0,15.176470588235293
999633,2014-07-16,7,Produce,6095.952,165,101.88,0.0,0.0,0.0,0.0,0.0,0.0,0.0,0.0,0.0,0.0,0.0,16,2,7,2014,2.0,5.0,15.857142857142858,4.0,23.0,30.0,9.818181818181818,24.0,16.846153846153847,4616.559,5146.9768,9.0,14.411764705882353
1001415,2014-07-17,7,Produce,4045.449,0,103.84,0.0,0.0,0.0,0.0,0.0,0.0,0.0,0.0,0.0,0.0,0.0,17,3,7,2014,5311.224,2.0,15.428571428571429,3.0,26.666666666666668,21.0,11.545454545454545,18.0,15.076923076923077,5090.836,5135.819,7.0,14.882352941176471
1003197,2014-07-18,7,Produce,4661.44,0,103.83,0.0,0.0,0.0,0.0,0.0,0.0,0.0,0.0,0.0,0.0,0.0,18,4,7,2014,6942.522,29.0,15.285714285714286,2.0,27.22222222222222,2.0,15.090909090909092,41.0,13.153846153846153,4785.48,5124.858733333333,5.0,16.470588235294116
1004979,2014-07-19,7,Produce,4217.89,0,104.33333333333333,0.0,0.0,0.0,0.0,0.0,0.0,0.0,0.0,0.0,0.0,0.0,19,5,7,2014,4576.476,38.0,773.032,7.0,20.0,3.0,18.09090909090909,21.0,15.384615384615385,4974.407,5134.564,30.0,18.705882352941178
1006761,2014-07-20,7,Produce,3932.503,3,104.83666666666667,0.0,0.0,0.0,0.0,0.0,0.0,0.0,0.0,0.0,0.0,0.0,20,6,7,2014,4750.659,24.0,1764.1065714285712,44.0,15.333333333333334,6.0,18.181818181818183,5.0,17.615384615384617,5422.722,5147.114799999999,33.0,20.352941176470587
1008543,2014-07-21,7,Produce,5052.724,0,105.34,0.0,0.0,0.0,0.0,0.0,0.0,0.0,0.0,0.0,0.0,0.0,21,0,7,2014,4444.942,2.0,2417.603142857143,41.0,15.444444444444445,5.0,15.636363636363637,0.0,17.76923076923077,4289.659,5047.715533333334,41.0,19.41176470588235
1010325,2014-07-22,7,Produce,3816.465,0,104.59,0.0,0.0,0.0,0.0,0.0,0.0,0.0,0.0,0.0,0.0,0.0,22,1,7,2014,4182.16,5311.224,3092.1258571428575,27.0,15.333333333333334,19.0,13.181818181818182,6.0,17.384615384615383,6879.452,5143.5618466666665,1.0,17.88235294117647
1012107,2014-07-23,7,Produce,5890.025,160,103.81,0.0,0.0,0.0,0.0,1.0,0.0,0.0,0.0,0.0,0.0,0.0,23,2,7,2014,5077.421,6942.522,3721.689,3.0,18.333333333333332,43.0,11.818181818181818,6.0,18.076923076923077,4184.259,4940.80958,7.0,17.11764705882353
1013889,2014-07-24,7,Produce,3952.061,0,102.76,1.0,0.0,0.0,0.0,0.0,0.0,0.0,0.0,0.0,0.0,0.0,24,3,7,2014,4689.47,4576.476,4315.711857142857,7.0,21.77777777777778,35.0,12.727272727272727,10.0,20.307692307692307,4881.654,4961.095780000001,8.0,17.41176470588235
1015671,2014-07-25,7,Produce,3968.431,0,105.23,0.0,0.0,0.0,0.0,1.0,0.0,0.0,0.0,0.0,0.0,0.0,25,4,7,2014,6375.363,4750.659,5040.772,5.0,19.555555555555557,4.0,15.909090909090908,56.0,18.846153846153847,4911.387,4624.440046666667,11.0,18.41176470588235
1017453,2014-07-26,7,Produce,3814.796,0,105.38000000000001,0.0,0.0,0.0,0.0,0.0,0.0,0.0,0.0,0.0,0.0,0.0,26,5,7,2014,3997.183,4444.942,4951.949999999999,2.0,15.222222222222221,4.0,17.545454545454547,32.0,19.76923076923077,4828.02,4307.274713333333,33.0,20.764705882352942
1019235,2014-07-27,7,Produce,3916.847,0,105.53,0.0,0.0,0.0,0.0,0.0,0.0,0.0,0.0,0.0,0.0,0.0,27,6,7,2014,4320.759,4182.16,4870.927285714286,29.0,602.3582222222223,3.0,17.181818181818183,3.0,21.153846153846153,4910.637,3975.714246666667,45.0,22.352941176470587
1021017,2014-07-28,7,Produce,4888.549,0,105.68,0.0,0.0,0.0,0.0,0.0,0.0,0.0,0.0,0.0,0.0,0.0,28,0,7,2014,5112.503,5077.421,4788.1711428571425,38.0,1373.4162222222221,6.0,15.727272727272727,4.0,21.23076923076923,4443.221,3614.53278,33.0,20.764705882352942
1022799,2014-07-29,7,Produce,4039.453,0,104.91,0.0,0.0,0.0,0.0,0.0,0.0,0.0,0.0,0.0,0.0,0.0,29,1,7,2014,4134.961,4689.47,4726.7568571428565,24.0,1881.135777777778,12.0,12.272727272727273,33.0,21.23076923076923,6026.2617,3328.8888466666667,8.0,19.176470588235293
1024581,2014-07-30,7,Produce,6010.781,169,104.29,0.0,0.0,0.0,0.0,0.0,0.0,0.0,0.0,0.0,0.0,0.0,30,2,7,2014,5069.148,6375.363,4822.122714285714,2.0,2408.4312222222225,38.0,10.181818181818182,47.0,21.692307692307693,3867.589,2870.4587133333334,7.0,17.11764705882353
1026363,2014-07-31,7,Produce,3552.663,0,98.23,0.0,0.0,0.0,0.0,0.0,0.0,0.0,0.0,0.0,0.0,0.0,31,3,7,2014,4340.395,3997.183,4815.38,5311.224,2902.0914444444443,24.0,11.818181818181818,22.0,21.307692307692307,4920.852,2592.5747800000004,8.0,17.352941176470587
1028145,2014-08-01,7,Produce,24.0,0,97.86,0.0,0.0,0.0,0.0,0.0,0.0,0.0,0.0,0.0,0.0,0.0,1,4,8,2014,6095.952,4320.759,4814.1981428571435,6942.522,3363.5536666666667,1.0,14.636363636363637,33.0,18.76923076923077,41.0,2269.3978466666667,10.0,17.705882352941178
1029927,2014-08-02,7,Produce,43.0,0,97.99333333333334,0.0,0.0,0.0,0.0,0.0,0.0,0.0,0.0,0.0,0.0,0.0,2,5,8,2014,4045.449,5112.503,4764.330285714285,4576.476,3923.4893333333334,3.0,17.09090909090909,23.0,18.692307692307693,28.0,1943.2387133333332,26.0,18.764705882352942
1031709,2014-08-03,7,Produce,35.0,0,98.12666666666667,0.0,0.0,0.0,0.0,0.0,0.0,0.0,0.0,0.0,0.0,0.0,3,6,8,2014,4661.44,4134.961,4724.414428571428,4750.659,4441.874888888889,5.0,16.636363636363637,1.0,24.076923076923077,1.0,1621.7040466666667,47.0,20.352941176470587
1033491,2014-08-04,7,Produce,7.0,0,98.26,0.0,0.0,0.0,0.0,0.0,0.0,0.0,0.0,0.0,0.0,0.0,4,0,8,2014,4217.89,5069.148,4731.309571428572,4444.942,5150.026333333333,12.0,15.545454545454545,6.0,23.76923076923077,5.0,1294.86158,32.0,18.764705882352942
1035273,2014-08-05,7,Produce,6.0,0,97.34,0.0,0.0,0.0,0.0,1.0,0.0,0.0,0.0,0.0,0.0,0.0,5,1,8,2014,3932.503,4340.395,4779.978285714285,4182.16,5004.021777777777,22.0,12.272727272727273,12.0,21.53846153846154,5.0,999.0468466666666,3.0,16.294117647058822
1037055,2014-08-06,7,Produce,5.0,1,96.93,0.0,0.0,0.0,0.0,0.0,0.0,0.0,0.0,0.0,0.0,0.0,6,2,8,2014,5052.724,6095.952,4652.176428571429,5077.421,4712.714777777778,35.0,10.818181818181818,5.0,18.076923076923077,3.0,597.9627333333333,6.0,14.764705882352942
1038837,2014-08-07,7,Produce,8.0,0,97.34,0.0,0.0,0.0,0.0,0.0,0.0,0.0,0.0,0.0,0.0,0.0,7,3,8,2014,3816.465,4045.449,4623.253857142858,4689.47,4772.2733333333335,30.0,12.727272727272727,23.0,16.615384615384617,16.0,341.72346666666664,6.0,14.705882352941176
1040619,2014-08-08,7,Produce,21.0,0,97.61,0.0,0.0,0.0,0.0,0.0,0.0,0.0,0.0,0.0,0.0,0.0,8,4,8,2014,5890.025,4661.44,4620.907571428571,6375.363,4703.862444444445,1.0,18.636363636363637,31.0,16.53846153846154,34.0,16.0,5.0,15.764705882352942
1042401,2014-08-09,7,Produce,36.0,0,97.77,0.0,0.0,0.0,0.0,0.0,0.0,0.0,0.0,0.0,0.0,0.0,9,5,8,2014,3952.061,4217.89,4546.060428571428,3997.183,4773.218666666667,0.0,22.636363636363637,73.0,17.076923076923077,19.0,15.333333333333334,13.0,17.941176470588236
1044183,2014-08-10,7,Produce,24.0,0,97.93,0.0,0.0,0.0,0.0,0.0,1.0,0.0,0.0,0.0,0.0,0.0,10,6,8,2014,3968.431,3932.503,4516.642285714285,4320.759,4790.800333333334,2.0,21.90909090909091,0.0,18.615384615384617,5.0,13.6,26.0,19.88235294117647
1045965,2014-08-11,7,Produce,9.0,0,98.09,0.0,0.0,0.0,0.0,0.0,0.0,0.0,0.0,0.0,0.0,0.0,11,0,8,2014,3814.796,5052.724,4503.301142857143,5112.503,4903.970444444444,8.0,20.181818181818183,4.0,18.307692307692307,8.0,13.8,38.0,18.352941176470587
1047747,2014-08-12,7,Produce,4.0,0,97.36,0.0,0.0,0.0,0.0,0.0,0.0,0.0,0.0,0.0,0.0,0.0,12,1,8,2014,3916.847,3816.465,4404.299857142857,4134.961,4832.412555555555,22.0,17.181818181818183,2.0,17.615384615384617,6.0,13.666666666666666,6.0,16.0
1049529,2014-08-13,7,Produce,9.0,1,97.57,0.0,0.0,0.0,0.0,0.0,0.0,0.0,0.0,0.0,0.0,0.0,13,2,8,2014,4888.549,5890.025,4346.714999999999,5069.148,4641.9766666666665,68.0,15.090909090909092,3.0,17.692307692307693,10.0,14.6,3.0,14.647058823529411
1051311,2014-08-14,7,Produce,8.0,0,95.54,0.0,0.0,0.0,0.0,0.0,0.0,0.0,0.0,0.0,0.0,0.0,14,3,8,2014,4039.453,3952.061,4344.478428571429,4340.395,4666.499666666667,49.0,19.0,32.0,16.307692307692307,24.0,16.733333333333334,7.0,14.705882352941176
1053093,2014-08-15,7,Produce,0.0,0,97.3,0.0,0.0,0.0,0.0,1.0,0.0,0.0,0.0,0.0,0.0,0.0,15,4,8,2014,6010.781,3968.431,4321.024857142857,6095.952,4623.36011111111,4.0,22.727272727272727,30.0,15.384615384615385,35.0,18.866666666666667,7.0,16.0
1054875,2014-08-16,7,Produce,21.0,0,97.01333333333334,0.0,0.0,0.0,0.0,0.0,0.0,0.0,0.0,0.0,0.0,0.0,16,5,8,2014,3552.663,3814.796,4352.8802857142855,4045.449,4616.718,3.0,25.0,21.0,13.076923076923077,31.0,18.066666666666666,25.0,19.235294117647058
1056657,2014-08-17,7,Produce,15.0,0,96.72666666666666,0.0,0.0,0.0,0.0,0.0,0.0,0.0,0.0,0.0,0.0,0.0,17,6,8,2014,24.0,3916.847,4370.1311428571435,4661.44,4581.329555555556,2.0,24.545454545454547,2.0,15.76923076923077,2.0,16.866666666666667,45.0,20.41176470588235
1058439,2014-08-18,7,Produce,7.0,0,96.44,0.0,0.0,0.0,0.0,0.0,0.0,0.0,0.0,0.0,0.0,0.0,18,0,8,2014,43.0,4888.549,4313.074285714286,4217.89,4672.538111111111,7.0,23.181818181818183,3.0,15.76923076923077,4.0,16.533333333333335,43.0,19.647058823529413
1060221,2014-08-19,7,Produce,6.0,0,94.35,0.0,0.0,0.0,0.0,0.0,0.0,0.0,0.0,0.0,0.0,0.0,19,1,8,2014,35.0,4039.453,3749.584142857143,3932.503,4629.389888888889,44.0,17.454545454545453,6.0,15.923076923076923,3.0,16.2,0.0,18.41176470588235
1062003,2014-08-20,7,Produce,7.0,1,96.4,0.0,0.0,0.0,0.0,0.0,0.0,0.0,0.0,0.0,0.0,0.0,20,2,8,2014,7.0,6010.781,3210.756142857143,5052.724,4392.998666666666,41.0,13.181818181818182,5.0,15.923076923076923,19.0,16.2,7.0,16.705882352941178
1063785,2014-08-21,7,Produce,10.0,0,93.97,0.0,0.0,0.0,0.0,0.0,0.0,0.0,0.0,0.0,0.0,0.0,21,3,8,2014,6.0,3552.663,2656.2065714285714,3816.465,4367.370555555555,27.0,15.454545454545455,19.0,13.923076923076923,35.0,17.6,9.0,17.294117647058822
1065567,2014-08-22,7,Produce,16.0,0,93.61,0.0,0.0,0.0,0.0,0.0,0.0,0.0,0.0,0.0,0.0,0.0,22,4,8,2014,5.0,24.0,1958.8424285714286,5890.025,4284.638,3.0,18.636363636363637,43.0,12.538461538461538,48.0,296.6622,4.0,18.705882352941178
1067349,2014-08-23,7,Produce,38.0,0,94.20333333333333,0.0,0.0,0.0,0.0,0.0,0.0,0.0,0.0,0.0,0.0,0.0,23,5,8,2014,8.0,43.0,1382.634857142857,3952.061,4359.155666666667,7.0,20.636363636363637,35.0,13.846153846153847,22.0,489.4282666666667,28.0,22.294117647058822
1069131,2014-08-24,7,Produce,13.0,0,94.79666666666667,0.0,0.0,0.0,0.0,1.0,0.0,0.0,0.0,0.0,0.0,0.0,24,6,8,2014,21.0,35.0,524.6661428571429,3968.431,4371.039000000001,5.0,20.181818181818183,4.0,15.538461538461538,1.0,706.0618,61.0,24.176470588235293
1070913,2014-08-25,7,Produce,1.0,0,95.39,0.0,0.0,0.0,0.0,0.0,0.0,0.0,0.0,0.0,0.0,0.0,25,0,8,2014,36.0,7.0,18.285714285714285,3814.796,4477.489777777777,2.0,499.02036363636364,4.0,15.384615384615385,0.0,1039.5682666666667,25.0,22.705882352941178
1072695,2014-08-26,7,Produce,3.0,0,95.78,0.0,0.0,0.0,0.0,0.0,0.0,0.0,0.0,0.0,0.0,0.0,26,1,8,2014,24.0,6.0,17.857142857142858,3916.847,4448.178444444445,29.0,1126.4314545454545,3.0,15.153846153846153,3.0,1589.4094666666667,0.0,20.470588235294116
1074477,2014-08-27,7,Produce,5.0,1,95.82,0.0,0.0,0.0,0.0,0.0,0.0,0.0,0.0,0.0,0.0,0.0,27,2,8,2014,9.0,5.0,16.857142857142858,4888.549,3796.3978888888887,38.0,1540.020181818182,6.0,15.153846153846153,6.0,1949.6168666666667,5.0,18.058823529411764
1076259,2014-08-28,7,Produce,9.0,0,96.44,0.0,0.0,0.0,0.0,0.0,0.0,0.0,0.0,0.0,0.0,0.0,28,3,8,2014,4.0,8.0,15.285714285714286,4039.453,3362.057777777778,24.0,1971.6255454545455,12.0,14.615384615384615,31.0,2286.0781333333334,9.0,18.58823529411765
1078041,2014-08-29,7,Produce,21.0,0,97.86,0.0,0.0,0.0,0.0,0.0,0.0,0.0,0.0,0.0,0.0,0.0,29,4,8,2014,9.0,21.0,15.571428571428571,6010.781,2925.009888888889,2.0,2375.074818181818,38.0,13.0,4209.933,2589.6798,16.0,19.705882352941178
1079823,2014-08-30,7,Produce,51.0,0,96.625,0.0,0.0,0.0,0.0,0.0,0.0,0.0,0.0,0.0,0.0,0.0,30,5,8,2014,8.0,36.0,15.285714285714286,3552.663,2501.9214444444447,5311.224,2754.8166363636365,24.0,13.0,2926.491,2921.727733333333,27.0,21.058823529411764
1081605,2014-08-31,7,Produce,29.0,0,95.39,0.0,0.0,0.0,0.0,0.0,0.0,0.0,0.0,0.0,0.0,0.0,31,6,8,2014,0.0,24.0,15.857142857142858,24.0,2067.382888888889,6942.522,3216.2185454545456,1.0,15.0,3280.503,3267.0682,68.0,22.294117647058822
1083387,2014-09-01,7,Produce,6510.088,0,94.155,0.0,0.0,0.0,0.0,0.0,0.0,0.0,0.0,0.0,0.0,0.0,1,0,9,2014,21.0,9.0,15.857142857142858,43.0,1524.7663333333335,4576.476,3639.897636363636,3.0,14.76923076923077,5004.597,3582.281933333333,39.0,21.0
1085169,2014-09-02,7,Produce,5789.381,0,92.92,0.0,0.0,0.0,0.0,0.0,0.0,0.0,0.0,0.0,0.0,0.0,2,1,9,2014,15.0,4.0,12.857142857142858,35.0,1076.827111111111,4750.659,4216.021545454546,5.0,14.538461538461538,8251.618,4056.4837533333334,0.0,17.529411764705884
1086951,2014-09-03,7,Produce,7839.387,166,95.5,0.0,0.0,0.0,0.0,0.0,0.0,0.0,0.0,0.0,0.0,0.0,3,2,9,2014,7.0,9.0,10.714285714285714,7.0,411.2958888888889,4444.942,4577.22,12.0,14.23076923076923,5406.111,4344.2244200000005,7.0,16.176470588235293
1088733,2014-09-04,7,Produce,4880.957,0,94.51,0.0,0.0,0.0,0.0,0.0,0.0,0.0,0.0,0.0,0.0,0.0,4,3,9,2014,6.0,8.0,9.428571428571429,6.0,20.555555555555557,4182.16,4969.834454545455,22.0,13.923076923076923,5065.919,4655.955153333333,2.0,16.705882352941178
1090515,2014-09-05,7,Produce,4922.361,0,93.32,0.0,0.0,0.0,0.0,0.0,0.0,0.0,0.0,0.0,0.0,0.0,5,4,9,2014,7.0,0.0,9.142857142857142,5.0,20.555555555555557,5077.421,4951.768909090909,35.0,12.692307692307692,4589.025,4907.961026666667,9.0,17.764705882352942
1092297,2014-09-06,7,Produce,4835.792,0,93.09333333333333,0.0,0.0,0.0,0.0,0.0,0.0,0.0,0.0,0.0,0.0,0.0,6,5,9,2014,10.0,21.0,9.428571428571429,8.0,16.77777777777778,4689.47,4696.5360909090905,30.0,16.076923076923077,5028.719,4983.947426666667,26.0,18.058823529411764
1094079,2014-09-07,7,Produce,5209.188,0,92.86666666666666,0.0,0.0,0.0,0.0,0.0,0.0,0.0,0.0,0.0,0.0,0.0,7,6,9,2014,16.0,15.0,9.142857142857142,21.0,13.333333333333334,6375.363,4741.3244545454545,1.0,19.76923076923077,5202.107,5170.021559999999,32.0,18.470588235294116
1095861,2014-09-08,7,Produce,6228.388,0,92.64,0.0,0.0,0.0,0.0,0.0,0.0,0.0,0.0,0.0,0.0,0.0,8,0,9,2014,38.0,7.0,9.428571428571429,36.0,13.555555555555555,3997.183,4704.027727272727,0.0,19.846153846153847,4729.206,5254.497493333333,25.0,16.941176470588236
1097643,2014-09-09,7,Produce,5352.33,0,92.73,0.0,0.0,0.0,0.0,0.0,0.0,0.0,0.0,0.0,0.0,0.0,9,1,9,2014,13.0,6.0,11.714285714285714,24.0,13.777777777777779,4320.759,4854.119545454546,2.0,19.692307692307693,7113.0273,5372.832399999999,6.0,13.235294117647058
1099425,2014-09-10,7,Produce,7657.536,165,91.71,0.0,0.0,0.0,0.0,0.0,0.0,0.0,0.0,0.0,0.0,0.0,10,2,9,2014,1.0,7.0,14.142857142857142,9.0,13.222222222222221,5112.503,4841.691272727273,8.0,18.923076923076923,4319.11,5109.367133333333,2.0,11.294117647058824
1101207,2014-09-11,7,Produce,4264.406,0,92.89,0.0,0.0,0.0,0.0,0.0,0.0,0.0,0.0,0.0,0.0,0.0,11,3,9,2014,3.0,10.0,13.857142857142858,4.0,14.666666666666666,4134.961,4803.874818181818,22.0,17.76923076923077,4681.961,5063.717533333333,2.0,12.117647058823529
1102989,2014-09-12,7,Produce,5193.846,0,92.18,0.0,0.0,0.0,0.0,0.0,0.0,0.0,0.0,0.0,0.0,0.0,12,4,9,2014,5.0,16.0,13.0,9.0,14.0,5069.148,4761.0039090909095,68.0,18.46153846153846,3811.0881,5040.6125999999995,9.0,13.0
1104771,2014-09-13,7,Produce,4911.361,0,92.40666666666667,0.0,0.0,0.0,0.0,0.0,0.0,0.0,0.0,0.0,0.0,0.0,13,5,9,2014,9.0,38.0,12.571428571428571,8.0,10.777777777777779,4340.395,4538.925727272727,49.0,19.307692307692307,5349.729,5038.5786,23.0,14.705882352941176
1106553,2014-09-14,7,Produce,5056.005,0,92.63333333333334,0.0,0.0,0.0,0.0,0.0,0.0,0.0,0.0,0.0,0.0,0.0,14,6,9,2014,21.0,13.0,12.285714285714286,0.0,8.777777777777779,6095.952,4634.884,4.0,21.307692307692307,5717.603,5110.322,14.0,15.705882352941176
1108335,2014-09-15,7,Produce,5993.535,0,92.86,0.0,0.0,0.0,0.0,0.0,0.0,0.0,0.0,0.0,0.0,0.0,15,0,9,2014,51.0,1.0,12.142857142857142,21.0,8.555555555555555,4045.449,4589.03909090909,3.0,21.53846153846154,4547.642,5090.271466666667,23.0,14.176470588235293
1110117,2014-09-16,7,Produce,5485.904,0,94.91,0.0,0.0,0.0,0.0,0.0,0.0,0.0,0.0,0.0,0.0,0.0,16,1,9,2014,29.0,3.0,12.857142857142858,15.0,9.222222222222221,4661.44,4659.722909090909,2.0,21.923076923076923,6779.6206,5210.009493333334,1.0,12.470588235294118
1111899,2014-09-17,7,Produce,7597.887,172,94.33,0.0,0.0,0.0,0.0,0.0,0.0,0.0,0.0,0.0,0.0,0.0,17,2,9,2014,6510.088,5.0,14.714285714285714,7.0,10.0,4217.89,4643.095636363636,7.0,21.692307692307693,4299.639,5010.946606666667,5.0,11.117647058823529
1113681,2014-09-18,7,Produce,4792.074,0,93.07,0.0,0.0,0.0,0.0,0.0,0.0,0.0,0.0,0.0,0.0,0.0,18,3,9,2014,5789.381,9.0,17.0,6.0,13.333333333333334,3932.503,4543.0304545454555,44.0,20.153846153846153,4721.367,5039.4495400000005,6.0,11.235294117647058
1115463,2014-09-19,7,Produce,4700.288,0,92.43,0.0,0.0,0.0,0.0,0.0,0.0,0.0,0.0,0.0,0.0,0.0,19,4,9,2014,7839.387,21.0,946.8697142857143,7.0,14.777777777777779,5052.724,4495.248727272727,41.0,17.153846153846153,4719.345,5020.554806666666,14.0,11.823529411764707
1117245,2014-09-20,7,Produce,5611.339,0,92.10666666666667,0.0,0.0,0.0,0.0,0.0,0.0,0.0,0.0,0.0,0.0,0.0,20,5,9,2014,4880.957,51.0,1773.4955714285716,10.0,12.555555555555555,3816.465,4297.148272727273,27.0,16.307692307692307,4558.515,5058.682133333334,22.0,14.176470588235293
1119027,2014-09-21,7,Produce,5105.609,0,91.78333333333333,0.0,0.0,0.0,0.0,0.0,0.0,0.0,0.0,0.0,0.0,0.0,21,6,9,2014,4922.361,29.0,2892.693714285714,16.0,11.222222222222221,5890.025,4373.793727272728,3.0,17.846153846153847,6104.87,5056.433,31.0,15.058823529411764
1120809,2014-09-22,7,Produce,5945.791,0,91.46,0.0,0.0,0.0,0.0,0.0,0.0,0.0,0.0,0.0,0.0,0.0,22,0,9,2014,4835.792,6510.088,3588.6875714285716,38.0,11.0,3952.061,4317.249454545455,7.0,17.76923076923077,4901.349,4675.3928000000005,26.0,13.823529411764707
1122591,2014-09-23,7,Produce,4858.27,0,91.55,0.0,0.0,0.0,0.0,0.0,0.0,0.0,0.0,0.0,0.0,0.0,23,1,9,2014,5209.188,5789.381,4288.882,13.0,11.333333333333334,3968.431,4480.239545454545,5.0,426.17107692307695,6525.2764,4372.483333333334,0.0,13.0
1124373,2014-09-24,7,Produce,7447.127,164,93.6,0.0,0.0,0.0,0.0,0.0,0.0,0.0,0.0,0.0,0.0,0.0,24,2,9,2014,6228.388,7839.387,4972.423714285715,1.0,12.88888888888889,3814.796,4445.708636363636,2.0,959.6727692307692,4127.084,3920.775293333333,3.0,11.823529411764707
1126155,2014-09-25,7,Produce,4169.202,0,93.59,0.0,0.0,0.0,0.0,0.0,0.0,0.0,0.0,0.0,0.0,0.0,25,3,9,2014,5352.33,4880.957,5712.4505714285715,3.0,17.444444444444443,3916.847,3988.551909090909,29.0,1308.3247692307693,4746.654,3636.2660266666667,2.0,11.941176470588236
1127937,2014-09-26,7,Produce,4813.978,1,95.55,0.0,0.0,0.0,0.0,0.0,0.0,0.0,0.0,0.0,0.0,0.0,26,4,9,2014,7657.536,4922.361,5672.207714285715,5.0,18.88888888888889,4888.549,3645.509636363636,38.0,1670.606230769231,4398.54,3324.1082266666663,8.0,12.588235294117647
1129719,2014-09-27,7,Produce,4882.005,0,95.21,0.0,0.0,0.0,0.0,0.0,0.0,0.0,0.0,0.0,0.0,0.0,27,5,9,2014,4264.406,4835.792,5609.771857142858,9.0,738.0097777777778,4039.453,3113.234636363636,24.0,2010.4479230769232,4382.998,3011.4852266666667,12.0,14.352941176470589
1131501,2014-09-28,7,Produce,5225.75,0,94.87,0.0,0.0,0.0,0.0,1.0,0.0,0.0,0.0,0.0,0.0,0.0,28,6,9,2014,5193.846,5209.188,5583.793142857144,21.0,1379.829888888889,6010.781,2754.592727272727,2.0,2331.9217692307693,5315.992,2707.8508933333333,42.0,14.823529411764707
1133283,2014-09-29,7,Produce,5900.013,0,94.53,0.0,0.0,0.0,0.0,0.0,0.0,0.0,0.0,0.0,0.0,0.0,29,0,9,2014,4911.361,6228.388,5495.7144285714285,51.0,2250.7617777777778,3552.663,2394.371727272727,5311.224,2721.954153846154,2.0,2301.25956,24.0,13.705882352941176
1135065,2014-09-30,7,Produce,5151.72,1,91.17,0.0,0.0,0.0,0.0,0.0,0.0,0.0,0.0,0.0,0.0,0.0,30,1,9,2014,5056.005,5352.33,5534.4980000000005,29.0,2792.757,24.0,2048.0266363636365,6942.522,3082.298,4.0,1975.10296,2.0,12.058823529411764
1136847,2014-10-01,7,Produce,8504.132,170,90.74,0.0,0.0,0.0,0.0,0.0,0.0,0.0,0.0,0.0,0.0,0.0,1,2,10,2014,5993.535,7657.536,5545.293571428571,6510.088,3339.1304444444445,43.0,1692.676909090909,4576.476,3572.556692307692,4.0,1540.2845333333332,0.0,10.823529411764707
1138629,2014-10-02,7,Produce,4727.483,0,91.02,0.0,0.0,0.0,0.0,0.0,0.0,0.0,0.0,0.0,0.0,0.0,2,3,10,2014,5485.904,4264.406,5523.410285714285,5789.381,3875.440666666667,35.0,1250.1724545454547,4750.659,3877.8015384615383,32.0,1267.0789333333335,3.0,11.705882352941176
1140411,2014-10-03,7,Produce,5226.257,0,89.76,0.0,0.0,0.0,0.0,0.0,0.0,0.0,0.0,0.0,0.0,0.0,3,4,10,2014,7597.887,5193.846,5489.859857142857,7839.387,4451.906,7.0,886.2221818181818,4444.942,4207.2445384615385,39.0,952.9686666666665,3.0,11.647058823529411
1142193,2014-10-04,7,Produce,5259.255,0,89.95,0.0,0.0,0.0,0.0,0.0,0.0,0.0,0.0,0.0,0.0,0.0,4,5,10,2014,4792.074,4911.361,5508.941857142856,4880.957,5138.282444444445,6.0,341.96936363636365,4182.16,4598.667846153846,30.0,661.5326666666666,16.0,14.0
1143975,2014-10-05,7,Produce,5467.081,0,90.14,0.0,0.0,0.0,0.0,0.0,0.0,0.0,0.0,0.0,0.0,0.0,5,6,10,2014,4700.288,5056.005,5500.420571428572,4922.361,5729.763555555556,5.0,19.818181818181817,5077.421,4916.587923076922,4.0,369.5328,36.0,14.235294117647058
1145757,2014-10-06,7,Produce,5749.007,0,90.33,0.0,0.0,0.0,0.0,0.0,0.0,0.0,0.0,0.0,0.0,0.0,6,0,10,2014,5611.339,5993.535,5575.801714285713,4835.792,5857.257777777778,8.0,18.0,4689.47,4897.966692307692,6.0,15.2,22.0,13.823529411764707
1147539,2014-10-07,7,Produce,5115.111,1,88.89,0.0,0.0,0.0,0.0,1.0,0.0,0.0,0.0,0.0,0.0,0.0,7,1,10,2014,5105.609,5485.904,5505.293428571428,5209.188,5687.816111111111,21.0,14.909090909090908,6375.363,4697.803076923077,9.0,15.666666666666666,3.0,11.352941176470589
1149321,2014-10-08,7,Produce,6525.29,172,87.29,0.0,0.0,0.0,0.0,0.0,0.0,0.0,0.0,0.0,0.0,0.0,8,2,10,2014,5945.791,7597.887,5605.290285714285,6228.388,5393.867111111112,36.0,12.454545454545455,3997.183,4814.685846153846,3.0,17.0,3.0,10.352941176470589
1151103,2014-10-09,7,Produce,4224.049,0,85.76,0.0,0.0,0.0,0.0,0.0,0.0,0.0,0.0,1.0,0.0,0.0,9,3,10,2014,4858.27,4792.074,5612.376571428571,5352.33,5397.245333333333,24.0,11.818181818181818,4320.759,4760.438923076923,29.0,17.933333333333334,5.0,10.647058823529411
1152885,2014-10-10,7,Produce,4043.909,2,85.87,0.0,0.0,0.0,0.0,0.0,0.0,0.0,0.0,0.0,0.0,1.0,10,4,10,2014,7447.127,4700.288,5605.556,7657.536,5412.094666666667,9.0,13.181818181818182,5112.503,4777.092615384616,35.0,18.533333333333335,15.0,11.823529411764707
1154667,2014-10-11,7,Produce,3749.7,0,85.82333333333334,0.0,0.0,0.0,0.0,0.0,0.0,0.0,0.0,0.0,0.0,0.0,11,5,10,2014,4169.202,5611.339,5515.894,4264.406,5540.732777777778,4.0,14.090909090909092,4134.961,4779.841076923077,27.0,17.333333333333332,2.0,15.352941176470589
1156449,2014-10-12,7,Produce,4200.065,0,85.77666666666667,0.0,0.0,0.0,0.0,0.0,0.0,0.0,0.0,0.0,0.0,0.0,12,6,10,2014,4813.978,5105.609,5494.356857142857,5193.846,5571.479,9.0,14.0,5069.148,4691.770461538461,3.0,15.666666666666666,42.0,17.470588235294116
1158231,2014-10-13,7,Produce,5883.34,0,85.73,0.0,0.0,0.0,0.0,0.0,0.0,0.0,0.0,0.0,0.0,0.0,13,0,10,2014,4882.005,5945.791,5405.375142857143,4911.361,5723.645555555555,8.0,12.636363636363637,4340.395,4719.713076923077,1.0,15.4,12.0,17.0
1160013,2014-10-14,7,Produce,5511.305,0,81.72,0.0,0.0,0.0,0.0,0.0,0.0,0.0,0.0,0.0,0.0,0.0,14,1,10,2014,5225.75,4858.27,5421.616571428572,5056.005,5661.394888888888,0.0,10.0,6095.952,4522.87476923077,9.0,15.4,5.0,15.058823529411764
1161795,2014-10-15,7,Produce,7699.83,176,81.82,0.0,0.0,0.0,0.0,0.0,0.0,0.0,0.0,0.0,0.0,0.0,15,2,10,2014,5900.013,7447.127,5317.426,5993.535,5332.811777777777,21.0,8.727272727272727,4045.449,4668.478,24.0,15.2,0.0,13.882352941176471
1163577,2014-10-16,7,Produce,4538.328,0,82.33,0.0,0.0,0.0,0.0,0.0,0.0,0.0,0.0,0.0,0.0,0.0,16,3,10,2014,5151.72,4169.202,5334.589,5485.904,5482.4710000000005,15.0,9.363636363636363,4661.44,4640.116615384615,18.0,15.666666666666666,7.0,13.705882352941176
1165359,2014-10-17,7,Produce,4874.139,0,82.8,0.0,0.0,0.0,0.0,0.0,0.0,0.0,0.0,0.0,0.0,0.0,17,4,10,2014,8504.132,4813.978,5328.049285714286,7597.887,5472.666888888888,7.0,12.454545454545455,4217.89,4552.111076923077,41.0,17.466666666666665,7.0,14.764705882352942
1167141,2014-10-18,7,Produce,4178.761,0,82.78666666666666,0.0,0.0,0.0,0.0,0.0,0.0,0.0,0.0,0.0,0.0,0.0,18,5,10,2014,4727.483,4882.005,5369.970714285714,4792.074,5587.603555555555,6.0,12.818181818181818,3932.503,4527.483,21.0,17.266666666666666,20.0,16.176470588235293
1168923,2014-10-19,7,Produce,4567.044,1,82.77333333333334,0.0,0.0,0.0,0.0,0.0,0.0,0.0,0.0,0.0,0.0,0.0,19,6,10,2014,5226.257,5225.75,5520.971428571429,4700.288,5565.633,7.0,12.181818181818182,5052.724,4438.8444615384615,5.0,15.666666666666666,63.0,16.941176470588236
1170705,2014-10-20,7,Produce,5852.062,0,82.76,0.0,0.0,0.0,0.0,0.0,0.0,0.0,0.0,0.0,0.0,0.0,20,0,10,2014,5259.255,5900.013,5600.725857142858,5611.339,5727.143222222222,10.0,12.454545454545455,3816.465,4481.010153846154,0.0,15.733333333333333,39.0,17.0
1172487,2014-10-21,7,Produce,4916.417,1,83.25,0.0,0.0,0.0,0.0,0.0,0.0,0.0,0.0,0.0,0.0,0.0,21,1,10,2014,5467.081,5151.72,5659.622857142857,5105.609,5580.843,16.0,11.0,5890.025,4322.817923076923,6.0,17.866666666666667,8.0,14.823529411764707
1174269,2014-10-22,7,Produce,7059.375,175,80.52,0.0,0.0,0.0,0.0,0.0,0.0,0.0,0.0,0.0,0.0,0.0,22,2,10,2014,5749.007,8504.132,5713.515714285714,5945.791,5271.519777777778,38.0,10.454545454545455,3952.061,4473.997307692307,6.0,20.4,3.0,14.235294117647058
1176051,2014-10-23,7,Produce,4081.068,0,82.81,0.0,0.0,0.0,0.0,0.0,0.0,0.0,0.0,0.0,0.0,0.0,23,3,10,2014,5115.111,4727.483,5747.991571428572,4858.27,5281.512111111111,13.0,11.727272727272727,3968.431,4388.706769230769,10.0,20.266666666666666,2.0,14.294117647058824
1177833,2014-10-24,7,Produce,4255.762,0,81.27,0.0,0.0,0.0,0.0,0.0,0.0,0.0,0.0,0.0,0.0,0.0,24,4,10,2014,6525.29,5226.257,5726.419285714286,7447.127,5339.896777777778,1.0,15.818181818181818,3814.796,4066.0998461538456,56.0,21.266666666666666,0.0,15.529411764705882
1179615,2014-10-25,7,Produce,4517.159,0,81.26666666666667,0.0,0.0,0.0,0.0,0.0,0.0,0.0,0.0,0.0,0.0,0.0,25,5,10,2014,4224.049,5259.255,5721.189428571429,4169.202,5371.971666666667,3.0,17.818181818181817,3916.847,3766.9073076923078,32.0,20.066666666666666,21.0,18.235294117647058
1181397,2014-10-26,7,Produce,4432.466,0,81.26333333333334,0.0,0.0,0.0,0.0,0.0,0.0,0.0,0.0,0.0,0.0,0.0,26,6,10,2014,4043.909,5467.081,5438.497714285714,4813.978,5377.095111111112,5.0,608.7352727272727,4888.549,3380.928538461538,3.0,18.733333333333334,29.0,18.823529411764707
1183179,2014-10-27,7,Produce,5563.47,0,81.26,0.0,0.0,0.0,0.0,0.0,0.0,0.0,0.0,0.0,0.0,0.0,27,0,10,2014,3749.7,5749.007,5366.578571428572,4882.005,5661.355222222222,9.0,1133.588090909091,4039.453,3087.8927692307693,4.0,18.8,28.0,17.764705882352942
1184961,2014-10-28,7,Produce,4709.089,0,81.36,0.0,0.0,0.0,0.0,0.0,0.0,0.0,0.0,0.0,0.0,0.0,28,1,10,2014,4200.065,5115.111,5197.671714285715,5225.75,5646.823333333334,21.0,1842.805090909091,6010.781,2635.2754615384615,33.0,19.6,3.0,14.058823529411764
1186743,2014-10-29,7,Produce,6532.497,180,82.25,0.0,0.0,0.0,0.0,0.0,0.0,0.0,0.0,0.0,0.0,0.0,29,2,10,2014,5883.34,6525.29,4982.021,5900.013,5400.06,51.0,2285.3466363636367,3552.663,2331.6553846153847,47.0,19.533333333333335,5.0,11.764705882352942
1188525,2014-10-30,7,Produce,3867.858,0,81.06,0.0,0.0,0.0,0.0,0.0,0.0,0.0,0.0,0.0,0.0,0.0,30,3,10,2014,5511.305,4224.049,4801.018714285713,5151.72,5521.177,29.0,2732.743090909091,24.0,2027.0068461538463,22.0,20.666666666666668,2.0,11.764705882352942
1190307,2014-10-31,7,Produce,4367.304,0,80.53,0.0,0.0,0.0,0.0,0.0,0.0,0.0,0.0,0.0,0.0,0.0,31,4,10,2014,7699.83,4043.909,4820.209142857143,8504.132,5593.744000000001,6510.088,3172.0878181818184,43.0,1735.1763846153847,33.0,22.066666666666666,6.0,12.411764705882353
1192089,2014-11-01,7,Produce,4383.87,0,79.94333333333333,0.0,0.0,0.0,0.0,0.0,0.0,0.0,0.0,0.0,0.0,0.0,1,5,11,2014,4538.328,3749.7,4876.808285714285,4727.483,5690.077555555556,5789.381,3645.1958181818186,35.0,1436.6496923076922,23.0,23.2,21.0,14.588235294117647
1193871,2014-11-02,7,Produce,3556.172,0,79.35666666666667,0.0,0.0,0.0,0.0,0.0,1.0,0.0,0.0,0.0,0.0,0.0,2,6,11,2014,4874.139,4200.065,5044.599714285714,5226.257,5677.784333333333,7839.387,4210.594727272727,7.0,1062.4536153846154,1.0,21.066666666666666,53.0,16.176470588235293
1195653,2014-11-03,7,Produce,5112.785,0,78.77,0.0,0.0,0.0,0.0,0.0,1.0,0.0,0.0,0.0,0.0,0.0,3,0,11,2014,4178.761,5883.34,5089.496714285714,5259.255,5747.259555555555,4880.957,4695.261090909091,6.0,752.4187692307692,6.0,21.133333333333333,17.0,15.352941176470589
1197435,2014-11-04,7,Produce,5972.297,0,77.15,0.0,0.0,0.0,0.0,0.0,0.0,0.0,0.0,0.0,0.0,0.0,4,1,11,2014,4567.044,5511.305,5208.101000000001,5467.081,5644.1849999999995,4922.361,5386.764363636364,5.0,290.3586923076923,12.0,21.0,2.0,14.117647058823529
1199217,2014-11-05,7,Produce,8579.477,177,78.71,0.0,0.0,0.0,0.0,0.0,0.0,0.0,0.0,0.0,0.0,0.0,5,2,11,2014,5852.062,7699.83,5269.395428571428,5749.007,5148.604666666667,4835.792,5771.801272727273,8.0,17.76923076923077,5.0,19.0,0.0,12.823529411764707
1200999,2014-11-06,7,Produce,4843.005,0,77.87,0.0,0.0,0.0,0.0,0.0,0.0,1.0,0.0,0.0,0.0,0.0,6,3,11,2014,4916.417,4538.328,5321.821000000001,5115.111,5039.962111111111,5209.188,5652.142909090909,21.0,16.53846153846154,23.0,18.0,0.0,13.0
1202781,2014-11-07,7,Produce,4818.231,0,78.71,0.0,0.0,0.0,0.0,0.0,0.0,1.0,0.0,0.0,0.0,0.0,7,4,11,2014,7059.375,4874.139,5317.352714285714,6525.29,4925.940777777778,6228.388,5572.322909090909,36.0,13.23076923076923,31.0,18.533333333333335,8.0,14.470588235294118
1204563,2014-11-08,7,Produce,4757.7,0,78.28333333333333,0.0,0.0,0.0,0.0,0.0,0.0,0.0,0.0,0.0,0.0,0.0,8,5,11,2014,4081.068,4178.761,5232.368714285714,4224.049,4995.283555555555,5352.33,5319.288181818181,24.0,12.153846153846153,73.0,17.733333333333334,14.0,16.764705882352942
1206345,2014-11-09,7,Produce,5047.009,0,77.85666666666667,0.0,0.0,0.0,0.0,0.0,0.0,0.0,0.0,0.0,0.0,0.0,9,6,11,2014,4255.762,4567.044,5140.875142857142,4043.909,5000.1973333333335,7657.536,5420.431636363636,9.0,12.76923076923077,0.0,16.333333333333332,39.0,17.176470588235293
1208127,2014-11-10,7,Produce,5500.028,0,77.43,0.0,0.0,0.0,0.0,1.0,0.0,0.0,0.0,0.0,0.0,0.0,10,0,11,2014,4517.159,5852.062,5075.552285714286,3749.7,5216.955444444445,4264.406,5471.662818181818,4.0,12.846153846153847,4.0,16.466666666666665,27.0,15.941176470588236
1209909,2014-11-11,7,Produce,5206.074,0,77.85,0.0,0.0,0.0,0.0,1.0,0.0,0.0,0.0,0.0,0.0,0.0,11,1,11,2014,4432.466,4916.417,4987.212714285714,4200.065,5152.868444444444,5193.846,5722.762363636363,9.0,12.923076923076923,2.0,16.466666666666665,7.0,13.0
1211691,2014-11-12,7,Produce,7503.328,178,77.16,0.0,0.0,0.0,0.0,1.0,0.0,0.0,0.0,0.0,0.0,0.0,12,2,11,2014,5563.47,7059.375,5035.555285714286,5883.34,4969.407222222222,4911.361,5684.8429090909085,8.0,12.846153846153847,3.0,16.0,8.0,12.058823529411764
1213473,2014-11-13,7,Produce,4199.002,0,74.13,0.0,0.0,0.0,0.0,0.0,0.0,0.0,0.0,0.0,0.0,0.0,13,3,11,2014,4709.089,4081.068,5016.329857142858,5511.305,4964.375222222221,5056.005,5545.924727272727,0.0,12.0,32.0,16.933333333333334,6.0,12.294117647058824
1215255,2014-11-14,7,Produce,4966.476,0,75.91,0.0,0.0,0.0,0.0,0.0,0.0,0.0,0.0,0.0,0.0,0.0,14,4,11,2014,6532.497,4255.762,4975.102428571429,7699.83,5022.501333333333,5993.535,5569.471,21.0,10.461538461538462,30.0,18.266666666666666,6.0,14.176470588235293
1217037,2014-11-15,7,Produce,4508.405,0,75.82,0.0,0.0,0.0,0.0,0.0,0.0,0.0,0.0,0.0,0.0,0.0,15,5,11,2014,3867.858,4517.159,4945.484142857143,4538.328,5256.09711111111,5485.904,5337.477636363636,15.0,11.538461538461538,21.0,18.533333333333335,30.0,16.58823529411765
1218819,2014-11-16,7,Produce,5584.161,0,75.73,0.0,0.0,0.0,0.0,0.0,0.0,0.0,0.0,0.0,0.0,0.0,16,6,11,2014,4367.304,4432.466,4870.215857142857,4874.139,5335.691777777777,7597.887,5490.330818181818,7.0,11.846153846153847,2.0,13.933333333333334,41.0,17.647058823529413
1220601,2014-11-17,7,Produce,5847.553,0,75.64,0.0,0.0,0.0,0.0,0.0,0.0,0.0,0.0,0.0,0.0,0.0,17,0,11,2014,4383.87,5563.47,4839.757285714286,4178.761,5466.3623333333335,4792.074,5459.823909090909,6.0,11.615384615384615,3.0,14.2,13.0,16.941176470588236
1222383,2014-11-18,7,Produce,5263.297,0,74.55,0.0,0.0,0.0,0.0,0.0,0.0,0.0,0.0,0.0,0.0,0.0,18,1,11,2014,3556.172,4709.089,4855.691857142857,4567.044,5307.447111111112,4700.288,5690.34809090909,7.0,11.153846153846153,6.0,14.133333333333333,0.0,14.882352941176471
1224165,2014-11-19,7,Produce,6917.419,182,74.55,0.0,0.0,0.0,0.0,0.0,0.0,0.0,0.0,0.0,0.0,0.0,19,2,11,2014,5112.785,6532.497,4836.650571428572,5852.062,4924.772888888889,5611.339,5609.729636363637,10.0,10.923076923076923,5.0,14.4,3.0,13.823529411764707
1225947,2014-11-20,7,Produce,4125.403,0,75.63,0.0,0.0,0.0,0.0,0.0,0.0,0.0,0.0,0.0,0.0,0.0,20,3,11,2014,5972.297,3867.858,4711.465714285715,4916.417,4922.420777777777,5105.609,5502.497181818181,16.0,11.615384615384615,19.0,15.0,1.0,14.176470588235293
1227729,2014-11-21,7,Produce,4453.456,0,76.52,0.0,0.0,0.0,0.0,0.0,0.0,0.0,0.0,0.0,0.0,0.0,21,4,11,2014,8579.477,4367.304,4647.082142857143,7059.375,4873.3460000000005,5945.791,5447.597272727274,38.0,11.615384615384615,43.0,15.4,6.0,14.411764705882353
1229511,2014-11-22,7,Produce,4524.708,0,76.25999999999999,0.0,0.0,0.0,0.0,0.0,0.0,0.0,0.0,0.0,0.0,0.0,22,5,11,2014,4843.005,4383.87,4827.540428571429,4081.068,5027.202555555556,4858.27,5231.948454545455,13.0,14.384615384615385,35.0,15.0,32.0,16.058823529411764
1231293,2014-11-23,7,Produce,4892.308,0,76.0,0.0,0.0,0.0,0.0,0.0,0.0,0.0,0.0,0.0,0.0,0.0,23,6,11,2014,4818.231,3556.172,5119.9661428571435,4255.762,5042.985333333334,7447.127,5332.670181818182,1.0,16.076923076923077,4.0,13.666666666666666,41.0,16.88235294117647
1233075,2014-11-24,7,Produce,5768.694,0,75.74,0.0,0.0,0.0,0.0,0.0,0.0,0.0,0.0,0.0,0.0,0.0,24,0,11,2014,4757.7,5112.785,5259.272857142858,4517.159,5118.589222222222,4169.202,5373.709454545455,3.0,516.3913846153846,4.0,13.733333333333333,26.0,15.941176470588236
1234857,2014-11-25,7,Produce,4687.386,0,74.04,0.0,0.0,0.0,0.0,0.0,0.0,0.0,0.0,0.0,0.0,0.0,25,1,11,2014,5047.009,5972.297,5323.691,4432.466,5002.082666666667,4813.978,5636.690636363636,5.0,961.1899230769232,3.0,13.866666666666667,2.0,13.529411764705882
1236639,2014-11-26,7,Produce,6721.762,171,73.7,0.0,0.0,0.0,0.0,0.0,0.0,0.0,0.0,0.0,0.0,0.0,26,2,11,2014,5500.028,8579.477,5377.095285714286,5563.47,4702.9636666666665,4882.005,5602.315545454546,9.0,1563.4504615384615,6.0,14.266666666666667,4.0,12.823529411764707
1238421,2014-11-27,7,Produce,4274.532,0,69.82,0.0,0.0,0.0,0.0,0.0,0.0,0.0,0.0,0.0,0.0,0.0,27,3,11,2014,5206.074,4843.005,5590.072,4709.089,4736.608333333334,5225.75,5536.903363636364,21.0,1937.6779230769232,12.0,15.4,9.0,14.058823529411764
1240203,2014-11-28,7,Produce,4637.479,0,65.94,0.0,0.0,0.0,1.0,0.0,0.0,0.0,0.0,0.0,0.0,0.0,28,4,11,2014,7503.328,4818.231,5645.392428571428,6532.497,4658.876111111112,5900.013,5573.356545454546,51.0,2313.398,38.0,16.466666666666665,13.0,16.41176470588235
1241985,2014-11-29,7,Produce,4638.314,0,66.95333333333333,0.0,0.0,0.0,0.0,0.0,0.0,0.0,0.0,0.0,0.0,0.0,29,5,11,2014,4199.002,4757.7,5535.932,3867.858,4725.056777777778,5151.72,5393.352363636364,29.0,2684.382,24.0,15.6,12.0,18.470588235294116
1243767,2014-11-30,7,Produce,5137.783,0,67.96666666666667,0.0,0.0,0.0,0.0,0.0,0.0,0.0,0.0,0.0,0.0,0.0,30,6,11,2014,4966.476,5047.009,5382.196428571428,4367.304,4896.149111111112,8504.132,5536.971,6510.088,3085.0118461538464,1.0,13.333333333333334,34.0,19.294117647058822
1245549,2014-12-01,7,Produce,5976.387,0,68.98,0.0,0.0,0.0,1.0,0.0,0.0,0.0,0.0,0.0,0.0,0.0,1,0,12,2014,4508.405,5500.028,5290.196000000001,4383.87,5231.261,4727.483,5564.346727272728,5789.381,3563.887846153846,3.0,13.066666666666666,20.0,17.647058823529413
1247331,2014-12-02,7,Produce,5024.116,0,66.99,0.0,0.0,0.0,0.0,0.0,0.0,0.0,0.0,0.0,0.0,0.0,2,1,12,2014,5584.161,5206.074,5311.373857142857,3556.172,5246.140555555556,5226.257,5713.736272727272,7839.387,3975.220923076923,5.0,12.933333333333334,14.0,15.470588235294118
1249113,2014-12-03,7,Produce,7179.499,175,67.3,0.0,0.0,0.0,0.0,0.0,0.0,0.0,0.0,0.0,0.0,0.0,3,2,12,2014,5847.553,7503.328,5275.760285714286,5112.785,5055.6665555555555,5259.255,5622.672545454546,4880.957,4563.569846153847,12.0,13.266666666666667,0.0,14.058823529411764
1250895,2014-12-04,7,Produce,4677.273,0,66.73,0.0,0.0,0.0,0.0,0.0,0.0,0.0,0.0,0.0,0.0,0.0,4,3,12,2014,5263.297,4199.002,5352.496285714286,5972.297,5154.537888888889,5467.081,5453.935818181818,4922.361,4889.985692307692,22.0,14.333333333333334,1.0,14.529411764705882
1252677,2014-12-05,7,Produce,4663.566,2,65.89,1.0,0.0,0.0,0.0,0.0,0.0,0.0,0.0,0.0,0.0,0.0,5,4,12,2014,6917.419,4966.476,5402.142714285715,8579.477,5230.060666666667,5749.007,5326.479454545454,4835.792,5285.589230769231,35.0,18.066666666666666,21.0,15.529411764705882
1254459,2014-12-06,7,Produce,4298.604,0,64.97,0.0,0.0,0.0,0.0,1.0,0.0,0.0,0.0,0.0,0.0,0.0,6,5,12,2014,4125.403,4508.405,5410.3174285714285,4843.005,5354.078222222222,5115.111,4935.200636363636,5209.188,5661.155461538461,30.0,18.8,43.0,17.88235294117647
1256241,2014-12-07,7,Produce,4739.813,0,64.05,0.0,0.0,0.0,0.0,0.0,0.0,0.0,0.0,0.0,0.0,0.0,7,6,12,2014,4453.456,5584.161,5326.616142857143,4818.231,5537.400666666666,6525.29,5040.278545454546,6228.388,5549.3029230769225,1.0,17.466666666666665,36.0,18.470588235294116
1258023,2014-12-08,7,Produce,5599.17,0,63.13,0.0,0.0,0.0,0.0,1.0,0.0,0.0,0.0,0.0,0.0,0.0,8,0,12,2014,4524.708,5847.553,5316.102,4757.7,5803.016555555555,4224.049,5066.192,5352.33,5565.007076923077,0.0,17.6,20.0,18.235294117647058
1259805,2014-12-09,7,Produce,4863.897,0,63.74,0.0,0.0,0.0,0.0,0.0,0.0,0.0,0.0,0.0,0.0,0.0,9,1,12,2014,4892.308,5263.297,5242.813428571429,5047.009,5605.9837777777775,4043.909,5288.062454545455,7657.536,5383.969923076923,2.0,17.533333333333335,4.0,16.41176470588235
1261587,2014-12-10,7,Produce,7238.2676,178,60.99,0.0,0.0,0.0,0.0,0.0,0.0,0.0,0.0,0.0,0.0,0.0,10,2,12,2014,5768.694,6917.419,5245.142428571429,5500.028,5204.539222222223,3749.7,5203.630363636364,4264.406,5592.964538461539,8.0,17.666666666666668,4.0,15.588235294117647
1263369,2014-12-11,7,Produce,4564.791,0,60.01,0.0,0.0,0.0,0.0,0.0,0.0,0.0,0.0,0.0,0.0,0.0,11,3,12,2014,4687.386,4125.403,5146.306285714286,5206.074,5167.361444444445,4200.065,5124.096909090909,5193.846,5582.942461538461,22.0,19.8,2.0,15.294117647058824
1265151,2014-12-12,7,Produce,4973.597,0,57.81,0.0,0.0,0.0,0.0,0.0,0.0,0.0,0.0,0.0,0.0,0.0,12,4,12,2014,6721.762,4453.456,5135.040714285715,7503.328,5252.464777777778,5883.34,5038.974181818182,4911.361,5572.519076923077,68.0,21.066666666666666,10.0,16.235294117647058
1266933,2014-12-13,7,Produce,4418.202,0,57.193333333333335,0.0,0.0,0.0,0.0,0.0,0.0,0.0,0.0,0.0,0.0,0.0,13,5,12,2014,4274.532,4524.708,5052.767714285714,4199.002,5373.559555555556,5511.305,4860.951818181818,5056.005,5603.453769230769,49.0,20.533333333333335,21.0,18.176470588235293
1268715,2014-12-14,7,Produce,4658.708,0,56.57666666666667,0.0,0.0,0.0,0.0,0.0,0.0,0.0,0.0,0.0,0.0,0.0,14,6,12,2014,4637.479,4892.308,5024.816714285715,4966.476,5397.591555555556,7699.83,5008.953,5993.535,5517.086153846155,4.0,18.733333333333334,49.0,17.941176470588236
1270497,2014-12-15,7,Produce,5283.395,0,55.96,0.0,0.0,0.0,0.0,0.0,0.0,0.0,0.0,0.0,0.0,0.0,15,0,12,2014,4638.314,5768.694,5046.120857142857,4508.405,5555.079444444445,4538.328,5088.271909090909,5485.904,5562.737,3.0,19.133333333333333,23.0,17.176470588235293
1272279,2014-12-16,7,Produce,4561.311,1,55.97,0.0,0.0,0.0,0.0,0.0,0.0,0.0,0.0,0.0,0.0,0.0,16,1,12,2014,5137.783,4687.386,5072.409857142857,5584.161,5435.004888888889,4874.139,5389.151454545455,7597.887,5347.408846153847,2.0,19.466666666666665,8.0,15.941176470588236
1274061,2014-12-17,7,Produce,6361.168,174,56.43,0.0,0.0,0.0,0.0,0.0,0.0,0.0,0.0,0.0,0.0,0.0,17,2,12,2014,5976.387,6721.762,5088.639285714286,5847.553,5096.130222222222,4178.761,5378.333545454545,4792.074,5592.233538461539,7.0,19.466666666666665,3.0,16.0
1275843,2014-12-18,7,Produce,3902.262,0,54.18,0.0,0.0,0.0,0.0,0.0,0.0,0.0,0.0,0.0,0.0,0.0,18,3,12,2014,5024.116,4274.532,5123.7071428571435,5263.297,5132.319777777778,4567.044,5230.371909090909,4700.288,5513.414769230769,44.0,20.866666666666667,6.0,17.352941176470587
1277625,2014-12-19,7,Produce,4537.148,0,56.91,0.0,0.0,0.0,0.0,0.0,0.0,0.0,0.0,0.0,0.0,0.0,19,4,12,2014,7179.499,4637.479,5153.377571428571,6917.419,5124.078888888889,5852.062,5139.995,5611.339,5505.92376923077,41.0,21.933333333333334,9.0,18.647058823529413
1279407,2014-12-20,7,Produce,4009.186,0,56.35666666666666,0.0,0.0,0.0,0.0,0.0,0.0,0.0,0.0,0.0,0.0,0.0,20,5,12,2014,4677.273,4638.314,5201.481857142857,4125.403,5264.111,4916.417,4842.961909090909,5105.609,5492.5391538461545,27.0,19.0,16.0,20.470588235294116
1281189,2014-12-21,7,Produce,4219.85,1,55.803333333333335,0.0,1.0,0.0,0.0,0.0,0.0,0.0,0.0,0.0,0.0,0.0,21,6,12,2014,4663.566,5137.783,5266.872857142857,4453.456,5164.469333333333,7059.375,4936.156636363637,5945.791,5433.478769230769,3.0,15.866666666666667,34.0,22.352941176470587
1282971,2014-12-22,7,Produce,5779.907,0,55.25,0.0,1.0,0.0,0.0,1.0,0.0,0.0,0.0,0.0,0.0,0.0,22,0,12,2014,4298.604,5976.387,5324.407285714286,4524.708,5261.603666666666,4081.068,4921.152090909091,4858.27,5465.333307692307,7.0,369.6816,17.0,21.294117647058822
1284753,2014-12-23,7,Produce,5364.427,1,56.78,0.0,1.0,0.0,0.0,0.0,0.0,0.0,0.0,0.0,0.0,0.0,23,1,12,2014,4739.813,5024.116,5328.134,4892.308,5151.740888888889,4255.762,5135.128090909091,7447.127,5277.166615384615,5.0,832.3163999999999,30.0,449.2885882352941
1286535,2014-12-24,7,Produce,4420.115,174,55.7,0.0,1.0,0.0,0.0,0.0,0.0,0.0,0.0,0.0,0.0,0.0,24,2,12,2014,5599.17,7179.499,5279.604,5768.694,4898.414222222222,4517.159,5071.565727272728,4169.202,5562.709538461539,2.0,1137.2814666666668,15.0,823.585
1288317,2014-12-26,7,Produce,4116.69,0,54.59,0.0,1.0,1.0,0.0,0.0,0.0,0.0,0.0,0.0,0.0,0.0,26,4,12,2014,4863.897,4677.273,5222.751142857143,4687.386,4955.404333333334,4432.466,4936.5877272727275,4813.978,5564.801461538461,29.0,1453.5254,21.0,1162.8898823529412
1290099,2014-12-27,7,Produce,2839.5679,0,54.21333333333334,0.0,0.0,0.0,0.0,0.0,0.0,0.0,0.0,0.0,0.0,0.0,27,5,12,2014,7238.2676,4663.566,5168.862999999999,6721.762,5031.440666666666,5563.47,4888.174363636364,4882.005,5535.17976923077,38.0,1746.9215333333334,27.0,1512.388588235294
1291881,2014-12-28,7,Produce,2397.126,5,53.836666666666666,0.0,0.0,0.0,0.0,0.0,0.0,0.0,0.0,0.0,0.0,0.0,28,6,12,2014,4564.791,4298.604,5145.974571428572,4274.532,5192.738333333334,4709.089,4569.701363636364,5225.75,5546.998692307692,24.0,2022.9988666666666,26.0,1927.737176470588
1293663,2014-12-29,7,Produce,3812.214,1,53.46,0.0,0.0,0.0,0.0,0.0,0.0,0.0,0.0,0.0,0.0,0.0,29,0,12,2014,4973.597,4739.813,5154.370085714286,4637.479,5207.383666666667,6532.497,4663.493818181818,5900.013,5510.174846153846,2.0,2359.6936,33.0,2247.005764705882
1295445,2014-12-30,7,Produce,4404.941,0,54.14,0.0,0.0,0.0,0.0,0.0,0.0,0.0,0.0,0.0,0.0,0.0,30,1,12,2014,4418.202,5599.17,5138.3012285714285,4638.314,5364.139777777778,3867.858,4819.542454545455,5151.72,5578.693076923077,5311.224,2672.124933333333,42.0,2697.017511764706
1297227,2014-12-31,7,Produce,4870.852,177,53.45,0.0,1.0,0.0,0.0,0.0,0.0,0.0,0.0,0.0,0.0,0.0,31,2,12,2014,4658.708,4863.897,5182.591371428572,5137.783,5363.016111111112,4367.304,5188.844090909091,8504.132,5399.307230769231,6942.522,3096.6824666666666,3.0,2992.018747058824
1300791,2015-01-02,7,Produce,15.0,0,52.72,0.0,0.0,1.0,0.0,0.0,0.0,0.0,0.0,0.0,0.0,0.0,2,4,1,2015,5283.395,7238.2676,5199.6768,5976.387,5134.327666666667,4383.87,5226.165818181818,4727.483,5580.544769230769,4576.476,3362.828,7324.906,3289.594688235294
1302573,2015-01-03,7,Produce,33.0,0,51.83,0.0,0.0,0.0,0.0,0.0,0.0,0.0,0.0,0.0,0.0,0.0,3,5,1,2015,4561.311,4564.791,5188.090371428571,5024.116,5137.002333333334,3556.172,5158.416818181818,5226.257,5535.165615384614,4750.659,3650.745266666667,6386.039,3563.267688235294
1304355,2015-01-04,7,Produce,14.0,0,50.94,0.0,0.0,0.0,0.0,0.0,0.0,0.0,0.0,0.0,0.0,0.0,4,6,1,2015,6361.168,4973.597,5142.979657142858,7179.499,5148.3727777777785,5112.785,5162.836,5259.255,5470.6966923076925,4444.942,3989.645466666667,5776.183,3840.1721
1306137,2015-01-05,7,Produce,4.0,0,50.05,0.0,0.0,0.0,0.0,0.0,0.0,0.0,0.0,0.0,0.0,0.0,5,0,1,2015,3902.262,4418.202,5099.753085714286,4677.273,5255.134555555555,5972.297,5027.791636363636,5467.081,5357.1543846153845,4182.16,4262.776199999999,5944.478,4188.007982352941
1307919,2015-01-06,7,Produce,2.0,0,47.98,0.0,0.0,0.0,0.0,0.0,0.0,0.0,0.0,0.0,0.0,0.0,6,1,1,2015,4537.148,4658.708,4974.453142857143,4663.566,5224.7027777777785,8579.477,5176.170727272727,5749.007,5226.389153846153,5077.421,4599.1194,7066.926,4456.335452941176
1309701,2015-01-07,7,Produce,4.0,1,48.69,0.0,0.0,0.0,0.0,0.0,0.0,0.0,0.0,0.0,0.0,0.0,7,2,1,2015,4009.186,5283.395,4879.806142857144,4298.604,5364.911733333333,4843.005,5252.422545454546,5115.111,5282.667615384616,4689.47,4888.345733333334,5436.566,4861.210335294118
1311483,2015-01-08,7,Produce,5.0,0,48.8,0.0,0.0,0.0,0.0,0.0,0.0,0.0,0.0,0.0,0.0,0.0,8,3,1,2015,4219.85,4561.311,4817.456285714286,4739.813,5313.875622222222,4818.231,5536.009636363637,6525.29,5052.450153846154,6375.363,4940.660933333334,7666.1997,5130.831452941176
1313265,2015-01-09,7,Produce,26.0,0,48.35,0.0,0.0,0.0,0.0,0.0,0.0,0.0,0.0,0.0,0.0,0.0,9,4,1,2015,5779.907,6361.168,4759.025428571428,5599.17,5068.7754,4757.7,5594.448727272727,4224.049,5281.09223076923,3997.183,4747.522733333333,5049.021,5427.821805882353
1315047,2015-01-10,7,Produce,41.0,0,47.586666666666666,0.0,0.0,0.0,0.0,0.0,0.0,0.0,0.0,0.0,0.0,0.0,10,5,1,2015,5364.427,3902.262,4696.331428571429,4863.897,5039.989733333333,5047.009,5581.147909090909,4043.909,5228.174615384616,4320.759,4753.187000000001,5075.791,5709.144158823529
1316829,2015-01-11,7,Produce,32.0,0,46.82333333333334,0.0,0.0,0.0,0.0,0.0,0.0,0.0,0.0,0.0,0.0,0.0,11,6,1,2015,4420.115,4537.148,4767.261714285714,7238.2676,5039.449955555556,5500.028,5448.066818181818,3749.7,5198.550307692307,5112.503,4717.669066666667,4682.441,5570.879511764705
1318611,2015-01-12,7,Produce,4.0,0,46.06,0.0,0.0,0.0,0.0,0.0,0.0,0.0,0.0,0.0,0.0,0.0,12,0,1,2015,4116.69,4009.186,4881.992571428572,4564.791,5148.871177777778,5206.074,5175.765363636364,4200.065,5099.448769230769,4134.961,4683.506466666667,4722.375,5514.213805882353
1320393,2015-01-13,7,Produce,2.0,0,45.92,0.0,0.0,0.0,0.0,0.0,0.0,0.0,0.0,0.0,0.0,0.0,13,1,1,2015,2839.5679,4219.85,4604.699285714286,4973.597,5129.037622222222,7503.328,5267.087909090909,5883.34,5008.528538461538,5069.148,4741.544066666667,5934.21,5426.7712176470595
1322175,2015-01-14,7,Produce,4.0,1,48.49,0.0,0.0,0.0,0.0,0.0,0.0,0.0,0.0,0.0,0.0,0.0,14,2,1,2015,2397.126,5779.907,4635.331857142857,4418.202,5213.704066666667,4199.002,5307.548454545455,5511.305,5065.217076923077,4340.395,4657.480333333334,4588.567,5481.769688235295
1323957,2015-01-15,7,Produce,3.0,0,46.37,0.0,0.0,0.0,0.0,0.0,0.0,0.0,0.0,0.0,0.0,0.0,15,3,1,2015,3812.214,5364.427,4392.820414285714,4658.708,5106.855733333334,4966.476,5503.886545454546,7699.83,4941.457615384616,6095.952,4737.517333333334,6908.873,5312.20104117647
1325739,2015-01-16,7,Produce,15.0,0,48.49,0.0,0.0,0.0,0.0,0.0,0.0,0.0,0.0,0.0,0.0,0.0,16,4,1,2015,4404.941,4420.115,4162.526128571429,5283.395,4806.731333333333,4508.405,5420.104181818182,4538.328,5159.5596153846145,4045.449,4575.963866666667,4616.559,5279.55915882353
1327521,2015-01-17,7,Produce,40.0,0,48.065,0.0,0.0,0.0,0.0,0.0,0.0,0.0,0.0,0.0,0.0,0.0,17,5,1,2015,4870.852,4116.69,4104.292414285715,4561.311,4744.997444444444,5584.161,5324.961272727272,4874.139,5162.418,4661.44,4574.047066666667,5090.836,5117.5113529411765
1329303,2015-01-18,7,Produce,27.0,0,47.64,0.0,0.0,0.0,0.0,0.0,0.0,0.0,0.0,0.0,0.0,0.0,18,6,1,2015,15.0,2839.5679,3907.8687,6361.168,4661.247777777778,5847.553,5263.018909090909,4178.761,5201.345846153846,4217.89,4540.3162,4785.48,5104.511294117647
1331085,2015-01-19,7,Produce,0.0,0,47.215,0.0,0.0,0.0,0.0,0.0,0.0,0.0,0.0,0.0,0.0,0.0,19,0,1,2015,33.0,2397.126,3837.357985714286,3902.262,4812.548333333334,5263.297,5025.653454545455,4567.044,5225.737692307692,3932.503,4460.6058,4974.407,5094.796352941176
1332867,2015-01-20,7,Produce,4.0,0,46.79,0.0,0.0,0.0,0.0,0.0,0.0,0.0,0.0,0.0,0.0,0.0,20,1,1,2015,14.0,3812.214,3208.0558428571426,4537.148,4890.961555555556,6917.419,5168.352727272727,5852.062,5114.132,5052.724,4510.845,5422.722,5080.7245882352945
1334649,2015-01-21,7,Produce,5.0,1,47.85,0.0,0.0,0.0,0.0,0.0,0.0,0.0,0.0,0.0,0.0,0.0,21,2,1,2015,4.0,4404.941,2624.671557142857,4009.186,4795.0415555555555,4125.403,5142.980909090908,4916.417,5118.144692307692,3816.465,4442.198666666666,4289.659,5157.423805882353
1336431,2015-01-22,7,Produce,4.0,0,45.93,0.0,0.0,0.0,0.0,0.0,0.0,0.0,0.0,0.0,0.0,0.0,22,3,1,2015,2.0,4870.852,2221.019,4219.85,4745.639222222222,4453.456,5344.1951818181815,7059.375,4888.087692307692,5890.025,4553.557733333333,6879.452,5035.857864705882
1338213,2015-01-23,7,Produce,10.0,0,45.26,0.0,0.0,0.0,0.0,0.0,0.0,0.0,0.0,0.0,0.0,0.0,23,4,1,2015,4.0,15.0,1879.143857142857,5779.907,4354.3503222222225,4524.708,5225.138,4081.068,5041.485307692307,3952.061,4384.005133333334,4184.259,5055.404041176471
1339995,2015-01-24,7,Produce,37.0,0,45.10666666666666,0.0,0.0,0.0,0.0,0.0,0.0,0.0,0.0,0.0,0.0,0.0,24,5,1,2015,5.0,33.0,1334.8275714285714,5364.427,4187.112988888888,4892.308,5115.1312727272725,4255.762,4964.079076923077,3968.431,4115.908533333333,4881.654,4651.411511764706
1341777,2015-01-25,7,Produce,29.0,0,44.95333333333333,0.0,0.0,0.0,0.0,0.0,0.0,0.0,0.0,0.0,0.0,0.0,25,6,1,2015,26.0,14.0,706.1217142857142,4420.115,4106.564766666666,5768.694,5058.314636363637,4517.159,4978.582384615385,3814.796,3808.012533333333,4911.387,4381.496276470589
1343559,2015-01-26,7,Produce,4.0,0,44.8,0.0,0.0,0.0,0.0,0.0,0.0,0.0,0.0,0.0,0.0,0.0,26,0,1,2015,41.0,4.0,11.0,4116.69,4150.537544444444,4687.386,4896.529545454545,4432.466,4964.492076923078,3916.847,3529.1531999999997,4828.02,4082.094158823529
1345341,2015-01-27,7,Produce,1.0,0,45.84,0.0,0.0,0.0,0.0,0.0,0.0,0.0,0.0,0.0,0.0,0.0,27,1,1,2015,32.0,2.0,12.571428571428571,2839.5679,4222.871099999999,6721.762,5064.800818181819,5563.47,4787.885153846154,4888.549,3267.453,4910.637,3800.8894529411764
1347123,2015-01-28,7,Produce,2.0,1,44.08,0.0,0.0,0.0,0.0,0.0,0.0,0.0,0.0,0.0,0.0,0.0,28,2,1,2015,4.0,4.0,13.714285714285714,2397.126,3582.325877777778,4274.532,5116.679,4709.089,4802.990384615385,4039.453,2931.004733333333,4443.221,3508.5713941176473
1348905,2015-01-29,7,Produce,3.0,0,44.12,0.0,0.0,0.0,0.0,0.0,0.0,0.0,0.0,0.0,0.0,0.0,29,3,1,2015,2.0,5.0,16.285714285714285,3812.214,2989.9451,4637.479,5358.023636363637,6532.497,4719.369000000001,6010.781,2676.9070666666667,6026.2617,3189.7642176470586
1350687,2015-01-30,7,Produce,10.0,0,47.79,0.0,0.0,0.0,0.0,0.0,0.0,0.0,0.0,0.0,0.0,0.0,30,4,1,2015,4.0,26.0,16.285714285714285,4404.941,2500.3767666666663,4638.314,5338.474999999999,3867.858,5065.400461538462,3552.663,2284.7720666666664,3867.589,2938.372511764706
1352469,2015-01-31,7,Produce,25.0,0,48.276666666666664,0.0,0.0,0.0,0.0,0.0,0.0,0.0,0.0,0.0,0.0,0.0,31,5,1,2015,3.0,41.0,16.285714285714285,4870.852,2043.411211111111,5137.783,5238.008818181818,4367.304,5110.573,24.0,2022.7013333333334,4920.852,2535.6988647058824
1354251,2015-02-01,7,Produce,25.0,0,48.763333333333335,0.0,0.0,0.0,0.0,0.0,0.0,0.0,0.0,0.0,0.0,0.0,1,6,2,2015,15.0,32.0,16.285714285714285,15.0,1728.1258888888888,5976.387,5202.665,4383.87,5133.732384615385,43.0,1760.5392666666667,41.0,2290.6836294117647
1356033,2015-02-02,7,Produce,2.0,0,49.25,0.0,0.0,0.0,0.0,0.0,0.0,0.0,0.0,0.0,0.0,0.0,2,0,2,2015,40.0,4.0,16.0,33.0,1462.223,5024.116,5022.4878181818185,3556.172,5158.750384615385,35.0,1507.8195333333335,28.0,2003.8216294117647
1357815,2015-02-03,7,Produce,2.0,0,53.04,0.0,0.0,0.0,0.0,0.0,0.0,0.0,0.0,0.0,0.0,0.0,3,1,2,2015,27.0,2.0,14.428571428571429,14.0,1039.1992222222223,7179.499,5142.9094545454545,5112.785,5119.022615384615,7.0,1247.2964,1.0,1715.3871
1359597,2015-02-04,7,Produce,1.0,1,48.45,0.0,0.0,0.0,0.0,0.0,0.0,0.0,0.0,0.0,0.0,0.0,4,2,2,2015,0.0,4.0,14.285714285714286,4.0,552.6502222222222,4677.273,5163.49290909091,5972.297,5179.864076923078,6.0,921.6598,5.0,1431.7388647058824
1361379,2015-02-05,7,Produce,8.0,0,50.48,0.0,0.0,0.0,0.0,0.0,0.0,0.0,0.0,0.0,0.0,0.0,5,3,2,2015,4.0,3.0,13.571428571428571,2.0,16.0,4663.566,5399.852327272727,8579.477,5077.831538461538,5.0,652.9629333333334,5.0,1143.4660999999999
1363161,2015-02-06,7,Produce,19.0,0,51.66,0.0,0.0,0.0,0.0,0.0,0.0,0.0,0.0,0.0,0.0,0.0,6,4,2,2015,5.0,15.0,13.0,4.0,17.88888888888889,4298.604,5347.762145454545,4843.005,5357.483076923077,8.0,252.77753333333334,3.0,883.5119235294118
1364943,2015-02-07,7,Produce,39.0,0,52.10333333333333,0.0,0.0,0.0,0.0,0.0,0.0,0.0,0.0,0.0,0.0,0.0,7,5,2,2015,4.0,40.0,13.285714285714286,5.0,14.666666666666666,4739.813,5256.599418181818,4818.231,5344.536769230769,21.0,15.933333333333334,16.0,531.0847647058823
1366725,2015-02-08,7,Produce,18.0,0,52.54666666666667,0.0,0.0,0.0,0.0,0.0,0.0,0.0,0.0,0.0,0.0,0.0,8,6,2,2015,10.0,27.0,13.428571428571429,26.0,13.333333333333334,5599.17,5201.516327272727,4757.7,5389.352615384616,36.0,15.733333333333333,34.0,305.4030588235294
1368507,2015-02-09,7,Produce,2.0,0,52.99,0.0,0.0,0.0,0.0,0.0,0.0,0.0,0.0,0.0,0.0,0.0,9,0,2,2015,37.0,0.0,13.571428571428571,41.0,13.333333333333334,4863.897,4972.353509090909,5047.009,5462.601307692308,24.0,13.866666666666667,19.0,16.058823529411764
1370289,2015-02-10,7,Produce,4.0,0,50.06,0.0,0.0,0.0,0.0,0.0,0.0,0.0,0.0,0.0,0.0,0.0,10,1,2,2015,29.0,4.0,12.857142857142858,32.0,13.444444444444445,7238.2676,5027.455509090909,5500.028,5498.861,9.0,12.0,5.0,13.882352941176471
1372071,2015-02-11,7,Produce,3.0,1,48.8,0.0,0.0,0.0,0.0,0.0,0.0,0.0,0.0,0.0,0.0,0.0,11,2,2,2015,4.0,5.0,12.428571428571429,4.0,14.666666666666666,4564.791,5018.1596,5206.074,5489.265307692307,4.0,11.933333333333334,8.0,12.411764705882353
1373853,2015-02-12,7,Produce,11.0,0,51.17,0.0,0.0,0.0,0.0,0.0,0.0,0.0,0.0,0.0,0.0,0.0,12,3,2,2015,1.0,4.0,12.714285714285714,2.0,18.555555555555557,4973.597,5205.6654181818185,7503.328,5234.174538461539,9.0,12.0,6.0,13.470588235294118
1375635,2015-02-13,7,Produce,19.0,0,52.66,0.0,0.0,0.0,0.0,0.0,0.0,0.0,0.0,0.0,0.0,0.0,13,4,2,2015,2.0,10.0,13.285714285714286,4.0,18.666666666666668,4418.202,5129.524418181819,4199.002,5393.744846153846,8.0,12.333333333333334,10.0,15.235294117647058
1377417,2015-02-14,7,Produce,39.0,0,52.885,0.0,0.0,0.0,0.0,0.0,0.0,0.0,0.0,0.0,0.0,0.0,14,5,2,2015,3.0,37.0,12.857142857142858,3.0,14.11111111111111,4658.708,5032.9769636363635,4966.476,5340.450384615384,0.0,12.866666666666667,24.0,17.764705882352942
1379199,2015-02-15,7,Produce,19.0,0,53.11,0.0,0.0,0.0,0.0,0.0,0.0,0.0,0.0,0.0,0.0,0.0,15,6,2,2015,10.0,29.0,12.428571428571429,15.0,11.0,5283.395,4955.2759636363635,4508.405,5317.0470000000005,21.0,14.0,35.0,18.88235294117647
1380981,2015-02-16,7,Produce,44.0,0,53.335,0.0,0.0,0.0,0.0,0.0,1.0,0.0,0.0,0.0,0.0,0.0,16,0,2,2015,25.0,4.0,12.285714285714286,40.0,11.11111111111111,4561.311,4680.874363636364,5584.161,5276.87,15.0,12.466666666666667,31.0,18.0
1382763,2015-02-17,7,Produce,28.0,0,53.56,0.0,0.0,0.0,0.0,0.0,1.0,0.0,0.0,0.0,0.0,0.0,17,1,2,2015,25.0,1.0,12.285714285714286,27.0,11.333333333333334,6361.168,4791.339454545455,5847.553,5230.122307692307,7.0,10.933333333333334,2.0,16.0
1384545,2015-02-18,7,Produce,1.0,1,52.13,0.0,0.0,0.0,0.0,0.0,0.0,0.0,0.0,0.0,0.0,0.0,18,2,2,2015,2.0,2.0,10.571428571428571,0.0,12.0,3902.262,4826.869454545455,5263.297,5273.40076923077,6.0,10.533333333333333,4.0,15.058823529411764
1386327,2015-02-19,7,Produce,5.0,0,51.12,0.0,0.0,0.0,0.0,0.0,0.0,0.0,0.0,0.0,0.0,0.0,19,3,2,2015,2.0,3.0,10.0,4.0,15.777777777777779,4537.148,4827.043363636363,6917.419,5056.789846153846,7.0,10.6,3.0,15.117647058823529
1388109,2015-02-20,7,Produce,13.0,0,49.95,0.0,0.0,0.0,0.0,0.0,0.0,0.0,0.0,0.0,0.0,0.0,20,4,2,2015,1.0,10.0,9.714285714285714,5.0,17.333333333333332,4009.186,4777.769,4125.403,5250.8483076923085,10.0,10.6,19.0,16.470588235294116
1389891,2015-02-21,7,Produce,21.0,0,49.82,0.0,0.0,0.0,0.0,0.0,0.0,0.0,0.0,0.0,0.0,0.0,21,5,2,2015,8.0,25.0,9.857142857142858,4.0,13.333333333333334,4219.85,4555.6029,4453.456,5197.6218461538465,16.0,11.466666666666667,35.0,263.76076470588237
1391673,2015-02-22,7,Produce,30.0,0,49.690000000000005,0.0,0.0,0.0,0.0,0.0,0.0,0.0,0.0,0.0,0.0,0.0,22,6,2,2015,19.0,25.0,9.714285714285714,10.0,10.444444444444445,5779.907,4358.858809090909,4524.708,5207.550615384615,38.0,14.866666666666667,48.0,435.3190588235294
1393455,2015-02-23,7,Produce,1.0,0,49.56,0.0,0.0,0.0,0.0,0.0,0.0,0.0,0.0,0.0,0.0,0.0,23,0,2,2015,39.0,2.0,10.428571428571429,37.0,10.666666666666666,5364.427,4127.1357181818175,4892.308,5134.793153846154,13.0,15.4,22.0,626.8780588235294
1395237,2015-02-24,7,Produce,4.0,0,48.48,0.0,0.0,0.0,0.0,0.0,0.0,0.0,0.0,0.0,0.0,0.0,24,1,2,2015,18.0,2.0,11.714285714285714,29.0,10.555555555555555,4420.115,4172.833809090908,5768.694,5080.195461538461,1.0,448.40586666666667,1.0,919.207294117647
1397019,2015-02-25,7,Produce,0.0,0,50.25,0.0,0.0,0.0,0.0,0.0,0.0,0.0,0.0,0.0,0.0,0.0,25,2,2,2015,2.0,1.0,13.714285714285714,4.0,11.11111111111111,4116.69,4203.1705363636365,4687.386,5135.048538461538,3.0,833.8979333333334,0.0,1402.7730588235295
1398801,2015-02-26,7,Produce,7.0,0,47.65,0.0,0.0,0.0,0.0,0.0,0.0,0.0,0.0,0.0,0.0,0.0,26,3,2,2015,4.0,8.0,12.714285714285714,1.0,13.444444444444445,2839.5679,3840.062718181818,6721.762,4989.409846153846,5.0,1356.1237333333333,3.0,1720.6619411764707
1400583,2015-02-27,7,Produce,23.0,0,49.84,0.0,0.0,0.0,0.0,0.0,0.0,0.0,0.0,0.0,0.0,0.0,27,4,2,2015,3.0,19.0,12.714285714285714,2.0,15.11111111111111,2397.126,3459.4399909090903,4274.532,5224.340307692308,9.0,1681.0542,6.0,2018.421882352941
1402365,2015-02-28,7,Produce,21.0,0,49.75666666666667,0.0,0.0,0.0,0.0,0.0,0.0,0.0,0.0,0.0,0.0,0.0,28,5,2,2015,11.0,39.0,13.0,3.0,11.222222222222221,3812.214,2935.2666272727274,4637.479,5241.557000000001,21.0,2008.5449333333333,31.0,2288.1880588235294
1404147,2015-03-01,7,Produce,19.0,0,49.67333333333334,0.0,0.0,0.0,0.0,0.0,0.0,0.0,0.0,0.0,0.0,0.0,1,6,3,2015,19.0,18.0,13.285714285714286,10.0,8.222222222222221,4404.941,2447.955081818182,4638.314,5252.238384615384,51.0,2329.8644,4209.933,2582.877411764706
1405929,2015-03-02,7,Produce,1.0,0,49.59,0.0,0.0,0.0,0.0,1.0,0.0,0.0,0.0,0.0,0.0,0.0,2,0,3,2015,39.0,2.0,13.714285714285714,25.0,7.888888888888889,4870.852,2046.3082636363636,5137.783,5206.568846153847,29.0,2674.610266666667,2926.491,2886.824882352941
1407711,2015-03-03,7,Produce,4.0,0,50.43,0.0,0.0,0.0,0.0,0.0,0.0,0.0,0.0,0.0,0.0,0.0,3,1,3,2015,19.0,4.0,13.714285714285714,25.0,8.666666666666666,15.0,1672.4273545454546,5976.387,5127.424153846154,6510.088,3088.969466666667,3280.503,3162.1899411764707
1409493,2015-03-04,7,Produce,2.0,1,51.53,0.0,0.0,0.0,0.0,0.0,0.0,0.0,0.0,0.0,0.0,0.0,4,2,3,2015,44.0,3.0,13.714285714285714,2.0,10.555555555555555,33.0,1414.7393636363636,5024.116,5197.561384615386,5789.381,3445.7248000000004,5004.597,3579.309194117647
1411275,2015-03-05,7,Produce,7.0,0,50.76,0.0,0.0,0.0,0.0,0.0,0.0,0.0,0.0,0.0,0.0,0.0,5,3,3,2015,28.0,11.0,13.857142857142858,2.0,14.555555555555555,14.0,1199.1824545454544,7179.499,5054.648692307693,7839.387,3956.0272,8251.618,3833.315664705882
1413057,2015-03-06,7,Produce,31.0,0,49.61,0.0,0.0,0.0,0.0,0.0,0.0,0.0,0.0,0.0,0.0,0.0,6,4,3,2015,1.0,19.0,19.857142857142858,1.0,15.444444444444445,4.0,856.3448181818181,4677.273,5282.628353846154,4880.957,4239.9875999999995,5406.111,4108.7251352941175
1414839,2015-03-07,7,Produce,37.0,0,49.723333333333336,0.0,0.0,0.0,0.0,0.0,0.0,0.0,0.0,0.0,0.0,0.0,7,5,3,2015,5.0,39.0,23.285714285714285,8.0,12.88888888888889,2.0,458.80472727272723,4663.566,5277.03696923077,4922.361,4585.644,5065.919,4332.730317647059
1416621,2015-03-08,7,Produce,30.0,0,49.836666666666666,0.0,0.0,0.0,0.0,0.0,0.0,0.0,0.0,0.0,0.0,0.0,8,6,3,2015,13.0,19.0,23.0,19.0,10.555555555555555,4.0,16.363636363636363,4298.604,5302.827969230769,4835.792,4911.668066666666,4589.025,4647.067317647059
1418403,2015-03-09,7,Produce,3.0,0,49.95,0.0,0.0,0.0,0.0,0.0,0.0,0.0,0.0,0.0,0.0,0.0,9,0,3,2015,21.0,44.0,22.142857142857142,39.0,10.666666666666666,5.0,15.181818181818182,4739.813,5247.475584615385,5209.188,5245.3350666666665,5028.719,4981.573376470587
1420185,2015-03-10,7,Produce,3.0,0,48.42,0.0,0.0,0.0,0.0,0.0,0.0,0.0,0.0,0.0,0.0,0.0,10,1,3,2015,30.0,28.0,21.285714285714285,18.0,11.666666666666666,26.0,12.545454545454545,5599.17,5146.115661538462,6228.388,5642.970733333334,5202.107,5001.4386117647055
1421967,2015-03-11,7,Produce,2.0,1,48.06,0.0,0.0,0.0,0.0,0.0,0.0,0.0,0.0,0.0,0.0,0.0,11,2,3,2015,1.0,1.0,18.714285714285715,2.0,13.666666666666666,41.0,11.545454545454545,4863.897,5166.060199999999,5352.33,5574.6918,4729.206,5228.093294117647
1423749,2015-03-12,7,Produce,3.0,0,47.12,0.0,0.0,0.0,0.0,0.0,0.0,0.0,0.0,0.0,0.0,0.0,12,3,3,2015,4.0,5.0,20.285714285714285,4.0,17.11111111111111,32.0,12.545454545454545,7238.2676,4964.661123076923,7657.536,5695.258866666667,7113.0273,5288.042470588236
1425531,2015-03-13,7,Produce,15.0,0,44.88,0.0,0.0,0.0,0.0,0.0,0.0,0.0,0.0,0.0,0.0,0.0,13,4,3,2015,0.0,13.0,14.142857142857142,3.0,17.11111111111111,4.0,16.0,4564.791,5094.191507692308,4264.406,5492.104666666667,4319.11,5271.381882352941
1427313,2015-03-14,7,Produce,45.0,0,44.56333333333333,0.0,0.0,0.0,0.0,0.0,0.0,0.0,0.0,0.0,0.0,0.0,14,5,3,2015,7.0,21.0,10.714285714285714,11.0,17.666666666666668,2.0,18.09090909090909,4973.597,5035.629661538462,5193.846,5480.060066666667,4681.961,5063.601117647059
1429095,2015-03-15,7,Produce,29.0,0,44.24666666666667,0.0,0.0,0.0,0.0,0.0,0.0,0.0,0.0,0.0,0.0,0.0,15,6,3,2015,23.0,30.0,10.571428571428571,19.0,18.77777777777778,4.0,17.636363636363637,4418.202,5053.979200000001,4911.361,5525.991933333334,3811.0881,5013.742529411765
1430877,2015-03-16,7,Produce,0.0,0,43.93,0.0,0.0,0.0,0.0,0.0,0.0,0.0,0.0,0.0,0.0,0.0,16,0,3,2015,21.0,1.0,10.857142857142858,39.0,18.666666666666668,3.0,15.636363636363637,4658.708,4997.777123076923,5056.005,5543.979733333333,5349.729,5074.857294117646
1432659,2015-03-17,7,Produce,0.0,0,43.39,0.0,0.0,0.0,0.0,0.0,0.0,0.0,0.0,0.0,0.0,0.0,17,1,3,2015,19.0,4.0,12.285714285714286,19.0,18.77777777777778,15.0,12.363636363636363,5283.395,4891.675584615385,5993.535,5593.0866,5717.603,5093.229294117647
1434441,2015-03-18,7,Produce,0.0,0,44.63,0.0,0.0,0.0,0.0,0.0,0.0,0.0,0.0,0.0,0.0,0.0,18,2,3,2015,1.0,0.0,12.285714285714286,44.0,19.88888888888889,40.0,9.818181818181818,4561.311,4962.137892307693,5485.904,5501.7454,4547.642,5181.262082352941
1436223,2015-03-19,7,Produce,8.0,0,44.02,0.0,0.0,0.0,0.0,0.0,0.0,0.0,0.0,0.0,0.0,0.0,19,3,3,2015,4.0,7.0,10.714285714285714,28.0,21.0,27.0,10.363636363636363,6361.168,4817.996307692308,7597.887,5641.398533333334,6779.6206,5118.025435294118
1438005,2015-03-20,7,Produce,19.0,0,46.0,0.0,0.0,0.0,0.0,0.0,0.0,0.0,0.0,0.0,0.0,0.0,20,4,3,2015,2.0,23.0,10.714285714285714,1.0,22.22222222222222,0.0,13.545454545454545,3902.262,4806.867384615384,4792.074,5408.842933333333,4299.639,5119.051788235294
1439787,2015-03-21,7,Produce,41.0,0,46.46666666666667,0.0,0.0,0.0,0.0,0.0,0.0,0.0,0.0,0.0,0.0,0.0,21,5,3,2015,7.0,21.0,10.714285714285714,5.0,18.0,4.0,15.818181818181818,4537.148,4740.951461538461,4700.288,5445.481066666666,4721.367,4959.3760647058825
1441569,2015-03-22,7,Produce,41.0,0,46.93333333333333,0.0,0.0,0.0,0.0,0.0,0.0,0.0,0.0,0.0,0.0,0.0,22,6,3,2015,31.0,19.0,11.0,13.0,16.333333333333332,5.0,15.909090909090908,4009.186,4619.5180692307695,5611.339,5424.691666666667,4719.345,4963.134182352942
1443351,2015-03-23,7,Produce,1.0,0,47.4,0.0,0.0,0.0,0.0,0.0,0.0,0.0,0.0,0.0,0.0,0.0,23,0,3,2015,37.0,1.0,11.0,21.0,11.444444444444445,4.0,14.636363636363637,4219.85,4445.550223076923,5105.609,5445.650933333334,4558.515,5000.4301235294115
1445133,2015-03-24,7,Produce,1.0,0,47.03,0.0,0.0,0.0,0.0,0.0,0.0,0.0,0.0,0.0,0.0,0.0,24,1,3,2015,30.0,4.0,12.142857142857142,30.0,9.11111111111111,10.0,11.181818181818182,5779.907,4332.382453846154,5945.791,5501.918133333334,6104.87,4776.366117647059
1446915,2015-03-25,7,Produce,2.0,1,48.75,0.0,0.0,0.0,0.0,0.0,0.0,0.0,0.0,0.0,0.0,0.0,25,2,3,2015,3.0,2.0,14.428571428571429,1.0,11.555555555555555,37.0,9.0,5364.427,4320.353992307691,4858.27,5445.797133333333,4901.349,4461.911470588235
1448697,2015-03-26,7,Produce,4.0,0,51.41,0.0,0.0,0.0,0.0,0.0,0.0,0.0,0.0,0.0,0.0,0.0,26,3,3,2015,3.0,7.0,16.0,4.0,13.333333333333334,29.0,9.909090909090908,4420.115,4205.714300000001,7447.127,5647.012333333333,6525.2764,4125.8171764705885
1450479,2015-03-27,7,Produce,15.0,0,48.83,0.0,0.0,0.0,0.0,0.0,0.0,0.0,0.0,0.0,0.0,0.0,27,4,3,2015,2.0,31.0,16.285714285714285,0.0,14.0,4.0,11.818181818181818,4116.69,3906.6941461538463,4169.202,5455.6520666666665,4127.084,3860.1911764705883
1452261,2015-03-28,7,Produce,44.0,0,48.77333333333333,0.0,0.0,0.0,0.0,0.0,0.0,0.0,0.0,0.0,0.0,0.0,28,5,3,2015,3.0,37.0,16.142857142857142,7.0,11.777777777777779,1.0,13.636363636363637,2839.5679,3560.221223076923,4813.978,5484.597599999999,4746.654,3463.684082352941
1454043,2015-03-29,7,Produce,15.0,0,48.71666666666666,0.0,0.0,0.0,0.0,0.0,0.0,0.0,0.0,0.0,0.0,0.0,29,6,3,2015,15.0,30.0,16.142857142857142,23.0,8.88888888888889,2.0,13.454545454545455,2397.126,3252.8992230769227,4882.005,5521.8620666666675,4398.54,3212.528847058824
1455825,2015-03-30,7,Produce,1.0,0,48.66,0.0,0.0,0.0,0.0,0.0,0.0,0.0,0.0,0.0,0.0,0.0,30,0,3,2015,45.0,3.0,15.571428571428571,21.0,9.0,3.0,12.727272727272727,3812.214,2928.6030692307686,5225.75,5512.244866666666,4382.998,2935.036670588235
1457607,2015-03-31,7,Produce,3.0,0,47.72,0.0,0.0,0.0,0.0,0.0,0.0,0.0,0.0,0.0,0.0,0.0,31,1,3,2015,29.0,3.0,13.285714285714286,19.0,9.333333333333334,10.0,9.454545454545455,4404.941,2484.148684615385,5900.013,5555.138066666667,5315.992,2657.781082352941
1459389,2015-04-01,7,Produce,6.0,1,50.12,0.0,0.0,0.0,0.0,0.0,0.0,1.0,0.0,0.0,0.0,0.0,1,2,4,2015,0.0,2.0,14.428571428571429,1.0,12.777777777777779,25.0,7.545454545454546,4870.852,2071.8081461538463,5151.72,5499.7594,2.0,2390.1625529411763
1461171,2015-04-02,7,Produce,15.0,0,49.13,0.0,0.0,0.0,0.0,0.0,0.0,0.0,0.0,0.0,0.0,0.0,2,3,4,2015,0.0,3.0,14.285714285714286,4.0,16.11111111111111,25.0,8.909090909090908,15.0,1732.1839153846154,8504.132,5610.894066666667,4.0,2031.2290235294117
1462953,2015-04-03,7,Produce,28.0,0,49.8675,0.0,0.0,0.0,0.0,0.0,1.0,0.0,0.0,0.0,0.0,0.0,3,4,4,2015,0.0,15.0,13.857142857142858,2.0,16.88888888888889,2.0,12.363636363636363,33.0,1417.5154538461538,4727.483,5396.0222,4.0,1744.6202588235294
1464735,2015-04-04,7,Produce,38.0,0,50.605000000000004,0.0,0.0,0.0,0.0,0.0,0.0,0.0,0.0,0.0,0.0,0.0,4,5,4,2015,8.0,45.0,13.428571428571429,7.0,14.88888888888889,2.0,13.818181818181818,14.0,1202.241,5226.257,5387.669333333334,32.0,1362.8392941176471
1466517,2015-04-05,7,Produce,26.0,0,51.3425,0.0,0.0,0.0,0.0,0.0,0.0,0.0,0.0,0.0,0.0,0.0,5,6,4,2015,19.0,29.0,13.142857142857142,31.0,13.11111111111111,1.0,13.727272727272727,4.0,1020.3082307692307,5259.255,5316.717466666667,39.0,1121.6578823529412
1468299,2015-04-06,7,Produce,1.0,0,52.08,0.0,0.0,0.0,0.0,0.0,0.0,0.0,0.0,0.0,0.0,0.0,6,0,4,2015,41.0,0.0,13.857142857142858,37.0,13.222222222222221,8.0,13.181818181818182,2.0,727.3686923076923,5467.081,5271.2548,30.0,842.6194117647058
1470081,2015-04-07,7,Produce,5.0,0,53.95,0.0,0.0,0.0,0.0,0.0,0.0,0.0,0.0,0.0,0.0,0.0,7,1,4,2015,41.0,0.0,14.428571428571429,30.0,13.11111111111111,19.0,11.181818181818182,4.0,388.6809230769231,5749.007,5315.094133333333,4.0,583.9405882352941
1471863,2015-04-08,7,Produce,3.0,1,50.44,0.0,0.0,0.0,0.0,0.0,0.0,0.0,0.0,0.0,0.0,0.0,8,2,4,2015,1.0,0.0,13.857142857142858,3.0,14.555555555555555,39.0,9.909090909090908,5.0,14.307692307692308,5115.111,5289.180266666666,6.0,326.64658823529413
1473645,2015-04-09,7,Produce,1.0,0,50.79,0.0,0.0,0.0,0.0,0.0,0.0,0.0,0.0,0.0,0.0,0.0,9,3,4,2015,1.0,8.0,15.571428571428571,3.0,18.77777777777778,18.0,11.454545454545455,26.0,13.384615384615385,6525.29,5459.054266666667,9.0,15.352941176470589
1475427,2015-04-10,7,Produce,20.0,0,51.63,0.0,0.0,0.0,0.0,0.0,0.0,0.0,0.0,0.0,0.0,0.0,10,4,4,2015,2.0,19.0,15.714285714285714,2.0,18.555555555555557,2.0,14.818181818181818,41.0,12.0,4224.049,5194.667333333334,3.0,16.294117647058822
1477209,2015-04-11,7,Produce,40.0,0,51.73666666666667,0.0,0.0,0.0,0.0,0.0,0.0,0.0,0.0,0.0,0.0,0.0,11,5,4,2015,4.0,41.0,15.857142857142858,3.0,14.444444444444445,4.0,16.454545454545453,32.0,14.0,4043.909,5204.444399999999,29.0,18.470588235294116
1478991,2015-04-12,7,Produce,28.0,0,51.843333333333334,0.0,0.0,0.0,0.0,1.0,0.0,0.0,0.0,0.0,0.0,0.0,12,6,4,2015,15.0,41.0,16.142857142857142,15.0,11.11111111111111,3.0,19.727272727272727,4.0,15.76923076923077,3749.7,5134.611333333333,35.0,19.470588235294116
1480773,2015-04-13,7,Produce,0.0,0,51.95,0.0,0.0,0.0,0.0,0.0,0.0,0.0,0.0,0.0,0.0,0.0,13,0,4,2015,44.0,1.0,15.571428571428571,45.0,10.777777777777779,11.0,20.545454545454547,2.0,15.615384615384615,4200.065,5088.463933333333,27.0,17.88235294117647
1482555,2015-04-14,7,Produce,2.0,0,53.3,0.0,0.0,0.0,0.0,1.0,0.0,0.0,0.0,0.0,0.0,0.0,14,1,4,2015,15.0,1.0,15.0,29.0,11.333333333333334,19.0,17.09090909090909,4.0,15.615384615384615,5883.34,5114.129333333333,3.0,15.588235294117647
1484337,2015-04-15,7,Produce,0.0,0,56.25,0.0,0.0,0.0,0.0,0.0,0.0,0.0,0.0,0.0,0.0,0.0,15,2,4,2015,1.0,2.0,15.428571428571429,0.0,13.222222222222221,39.0,15.909090909090908,3.0,15.615384615384615,5511.305,5058.623333333333,1.0,14.176470588235293
1486119,2015-04-16,7,Produce,2.0,0,56.69,0.0,0.0,0.0,0.0,0.0,0.0,0.0,0.0,0.0,0.0,0.0,16,3,4,2015,3.0,4.0,11.714285714285714,0.0,17.444444444444443,19.0,16.90909090909091,15.0,13.923076923076923,7699.83,5188.2409333333335,9.0,14.294117647058824
1487901,2015-04-17,7,Produce,19.0,0,55.71,0.0,0.0,0.0,0.0,0.0,0.0,0.0,0.0,0.0,0.0,0.0,17,4,4,2015,6.0,15.0,11.714285714285714,0.0,20.333333333333332,44.0,18.454545454545453,40.0,11.538461538461538,4538.328,5025.292799999999,24.0,14.529411764705882
1489683,2015-04-18,7,Produce,51.0,0,55.93,0.0,0.0,0.0,0.0,0.0,0.0,0.0,0.0,0.0,0.0,0.0,18,5,4,2015,15.0,44.0,12.0,8.0,15.444444444444445,28.0,20.90909090909091,27.0,11.923076923076923,4874.139,5027.407,18.0,17.294117647058822
1491465,2015-04-19,7,Produce,37.0,0,56.15,0.0,0.0,0.0,0.0,0.0,0.0,0.0,0.0,0.0,0.0,0.0,19,6,4,2015,28.0,15.0,12.571428571428571,19.0,12.333333333333334,1.0,20.0,0.0,13.846153846153847,4178.761,5058.956999999999,41.0,19.0
1493247,2015-04-20,7,Produce,5.0,0,56.37,0.0,0.0,0.0,0.0,0.0,0.0,0.0,0.0,0.0,0.0,0.0,20,0,4,2015,38.0,1.0,14.142857142857142,41.0,12.555555555555555,5.0,18.636363636363637,4.0,14.0,4567.044,5104.4747333333335,21.0,17.470588235294116
1495029,2015-04-21,7,Produce,0.0,0,55.58,0.0,0.0,0.0,0.0,1.0,0.0,0.0,0.0,0.0,0.0,0.0,21,1,4,2015,26.0,3.0,16.0,41.0,13.0,13.0,15.090909090909092,5.0,13.76923076923077,5852.062,5195.3684,5.0,15.647058823529411
1496811,2015-04-22,7,Produce,5.0,1,56.17,0.0,0.0,0.0,0.0,0.0,0.0,0.0,0.0,0.0,0.0,0.0,22,2,4,2015,1.0,6.0,15.142857142857142,1.0,14.666666666666666,21.0,14.0,4.0,13.692307692307692,4916.417,5117.085,0.0,16.0
1498593,2015-04-23,7,Produce,2.0,0,56.59,0.0,0.0,0.0,0.0,0.0,0.0,0.0,0.0,0.0,0.0,0.0,23,3,4,2015,5.0,15.0,16.714285714285715,1.0,18.666666666666668,30.0,12.090909090909092,10.0,12.76923076923077,7059.375,5185.164466666667,6.0,18.58823529411765
1500375,2015-04-24,7,Produce,19.0,0,55.98,0.0,0.0,0.0,0.0,0.0,0.0,0.0,0.0,0.0,0.0,0.0,24,4,4,2015,3.0,28.0,16.714285714285715,2.0,18.22222222222222,1.0,11.454545454545455,37.0,10.461538461538462,4081.068,4929.699666666667,6.0,19.823529411764707
1502157,2015-04-25,7,Produce,38.0,0,55.839999999999996,0.0,0.0,0.0,0.0,0.0,0.0,0.0,0.0,0.0,0.0,0.0,25,5,4,2015,1.0,38.0,17.0,4.0,13.777777777777779,4.0,13.090909090909092,29.0,10.307692307692308,4255.762,4918.298066666667,10.0,21.235294117647058
1503939,2015-04-26,7,Produce,25.0,0,55.7,0.0,0.0,0.0,0.0,0.0,0.0,0.0,0.0,0.0,0.0,0.0,26,6,4,2015,20.0,26.0,16.571428571428573,15.0,9.555555555555555,0.0,12.727272727272727,4.0,12.23076923076923,4517.159,4885.613466666667,56.0,21.176470588235293
1505721,2015-04-27,7,Produce,1.0,0,55.56,0.0,0.0,0.0,0.0,0.0,0.0,0.0,0.0,0.0,0.0,0.0,27,0,4,2015,40.0,1.0,14.571428571428571,44.0,10.11111111111111,7.0,11.909090909090908,1.0,12.076923076923077,4432.466,4844.107533333333,32.0,20.176470588235293
1507503,2015-04-28,7,Produce,4.0,0,57.05,0.0,0.0,0.0,0.0,0.0,0.0,0.0,0.0,0.0,0.0,0.0,28,1,4,2015,28.0,5.0,13.428571428571429,15.0,11.666666666666666,23.0,10.181818181818182,2.0,11.846153846153847,5563.47,4880.490266666666,3.0,18.11764705882353
1509285,2015-04-29,7,Produce,10.0,1,58.55,0.0,0.0,0.0,0.0,0.0,0.0,0.0,0.0,0.0,0.0,0.0,29,2,4,2015,0.0,3.0,13.714285714285714,1.0,14.555555555555555,21.0,8.090909090909092,3.0,11.615384615384615,4709.089,4888.505933333334,4.0,17.58823529411765
1511067,2015-04-30,7,Produce,43.0,0,59.62,0.0,0.0,0.0,0.0,0.0,0.0,0.0,0.0,0.0,0.0,0.0,30,3,4,2015,2.0,1.0,14.0,3.0,18.333333333333332,19.0,10.818181818181818,10.0,11.461538461538462,6532.497,5132.7099333333335,33.0,17.58823529411765
1512849,2015-05-01,7,Produce,66.0,0,59.1,0.0,0.0,0.0,0.0,0.0,1.0,0.0,0.0,0.0,0.0,0.0,1,4,5,2015,0.0,20.0,13.857142857142858,6.0,19.555555555555557,1.0,13.818181818181818,25.0,10.076923076923077,3867.858,4984.951933333334,47.0,18.941176470588236
1514631,2015-05-02,7,Produce,48.0,0,59.04,0.0,0.0,0.0,0.0,0.0,0.0,0.0,0.0,0.0,0.0,0.0,2,5,5,2015,2.0,40.0,13.428571428571429,15.0,14.777777777777779,4.0,16.545454545454547,25.0,10.846153846153847,4367.304,5034.096133333334,22.0,20.41176470588235
1516413,2015-05-03,7,Produce,23.0,0,58.980000000000004,0.0,0.0,0.0,0.0,0.0,0.0,0.0,0.0,0.0,0.0,0.0,3,6,5,2015,19.0,28.0,13.0,28.0,13.666666666666666,2.0,16.181818181818183,2.0,11.923076923076923,4383.87,5067.558666666667,33.0,24.352941176470587
1518195,2015-05-04,7,Produce,1.0,0,58.92,0.0,0.0,0.0,0.0,0.0,0.0,0.0,0.0,0.0,0.0,0.0,4,0,5,2015,51.0,0.0,13.142857142857142,38.0,13.88888888888889,7.0,14.363636363636363,2.0,12.0,3556.172,5102.8820000000005,23.0,23.764705882352942
1519977,2015-05-05,7,Produce,3.0,0,60.38,0.0,0.0,0.0,0.0,0.0,0.0,0.0,0.0,0.0,0.0,0.0,5,1,5,2015,37.0,2.0,13.0,26.0,13.666666666666666,31.0,12.636363636363637,1.0,12.153846153846153,5112.785,5174.0528,1.0,20.705882352941178
1521759,2015-05-06,7,Produce,4.0,1,60.93,0.0,0.0,0.0,0.0,0.0,0.0,0.0,0.0,0.0,0.0,0.0,6,2,5,2015,5.0,0.0,14.571428571428571,1.0,15.222222222222221,37.0,11.181818181818182,8.0,12.153846153846153,5972.297,5150.2264000000005,6.0,18.941176470588236
1523541,2015-05-07,7,Produce,11.0,0,58.99,0.0,0.0,0.0,0.0,0.0,0.0,0.0,0.0,0.0,0.0,0.0,7,3,5,2015,0.0,2.0,15.857142857142858,5.0,18.0,30.0,12.454545454545455,19.0,12.23076923076923,8579.477,5336.509,12.0,18.941176470588236
1525323,2015-05-08,7,Produce,25.0,0,59.41,0.0,0.0,0.0,0.0,0.0,0.0,0.0,0.0,0.0,0.0,0.0,8,4,5,2015,5.0,19.0,16.571428571428573,3.0,18.0,3.0,16.181818181818183,39.0,11.76923076923077,4843.005,5180.942666666668,5.0,20.58823529411765
1527105,2015-05-09,7,Produce,91.0,0,59.349999999999994,0.0,1.0,0.0,0.0,0.0,0.0,0.0,0.0,0.0,0.0,0.0,9,5,5,2015,2.0,51.0,16.285714285714285,1.0,13.777777777777779,3.0,18.636363636363637,18.0,12.846153846153847,4818.231,5254.183866666667,23.0,20.41176470588235
1528887,2015-05-10,7,Produce,77.0,0,59.29,0.0,0.0,0.0,1.0,0.0,0.0,0.0,0.0,0.0,0.0,0.0,10,6,5,2015,19.0,37.0,17.0,20.0,11.11111111111111,2.0,18.0,2.0,14.153846153846153,4757.7,5263.5905999999995,31.0,18.88235294117647
1530669,2015-05-11,7,Produce,2.0,0,59.23,0.0,0.0,0.0,0.0,0.0,0.0,0.0,0.0,0.0,0.0,0.0,11,0,5,2015,38.0,5.0,17.0,40.0,11.0,3.0,15.181818181818182,4.0,17.384615384615383,5047.009,5343.61,73.0,17.705882352941178
1532451,2015-05-12,7,Produce,3.0,0,60.72,0.0,0.0,0.0,0.0,1.0,0.0,0.0,0.0,0.0,0.0,0.0,12,1,5,2015,25.0,0.0,17.0,28.0,10.666666666666666,15.0,11.818181818181818,3.0,19.46153846153846,5500.028,5496.368733333334,0.0,15.941176470588236
1534233,2015-05-13,7,Produce,3.0,1,60.5,0.0,0.0,0.0,0.0,0.0,0.0,0.0,0.0,0.0,0.0,0.0,13,2,5,2015,1.0,5.0,15.142857142857142,0.0,12.444444444444445,45.0,9.818181818181818,11.0,18.923076923076923,5206.074,5506.402866666667,4.0,14.941176470588236
1536015,2015-05-14,7,Produce,15.0,0,59.89,0.0,0.0,0.0,0.0,0.0,0.0,0.0,0.0,0.0,0.0,0.0,14,3,5,2015,4.0,2.0,13.428571428571429,2.0,18.0,29.0,11.272727272727273,19.0,17.846153846153847,7503.328,5569.410999999999,2.0,15.176470588235293
1537797,2015-05-15,7,Produce,12.0,0,59.73,0.0,0.0,0.0,0.0,0.0,0.0,0.0,0.0,0.0,0.0,0.0,15,4,5,2015,10.0,19.0,12.857142857142858,0.0,19.88888888888889,0.0,14.727272727272727,39.0,15.846153846153847,4199.002,5272.472733333333,3.0,15.941176470588236
1539579,2015-05-16,7,Produce,41.0,0,59.63333333333333,0.0,0.0,0.0,0.0,0.0,0.0,0.0,0.0,0.0,0.0,0.0,16,5,5,2015,43.0,38.0,13.428571428571429,2.0,16.0,0.0,18.272727272727273,19.0,16.076923076923077,4966.476,5246.5028,32.0,17.764705882352942
1541361,2015-05-17,7,Produce,20.0,0,59.53666666666666,0.0,0.0,0.0,0.0,0.0,0.0,0.0,0.0,0.0,0.0,0.0,17,6,5,2015,66.0,25.0,14.142857142857142,19.0,12.88888888888889,0.0,18.09090909090909,44.0,18.23076923076923,4508.405,5226.9346,30.0,19.529411764705884
1543143,2015-05-18,7,Produce,4.0,0,59.44,0.0,0.0,0.0,0.0,0.0,0.0,0.0,0.0,0.0,0.0,0.0,18,0,5,2015,48.0,1.0,20.0,51.0,13.444444444444445,8.0,16.818181818181817,28.0,18.0,5584.161,5235.908466666666,21.0,18.41176470588235
1544925,2015-05-19,7,Produce,3.0,0,57.3,0.0,0.0,0.0,0.0,0.0,0.0,0.0,0.0,0.0,0.0,0.0,19,1,5,2015,23.0,4.0,26.714285714285715,37.0,13.444444444444445,19.0,12.909090909090908,1.0,18.076923076923077,5847.553,5284.020799999999,2.0,16.823529411764707
1546707,2015-05-20,7,Produce,6.0,1,58.96,0.0,0.0,0.0,0.0,0.0,0.0,0.0,0.0,0.0,0.0,0.0,20,2,5,2015,1.0,10.0,28.142857142857142,5.0,15.555555555555555,41.0,10.636363636363637,5.0,17.23076923076923,5263.297,5229.844666666667,3.0,12.705882352941176
1548489,2015-05-21,7,Produce,11.0,0,60.18,0.0,0.0,0.0,0.0,0.0,0.0,0.0,0.0,0.0,0.0,0.0,21,3,5,2015,3.0,43.0,27.857142857142858,0.0,19.555555555555557,41.0,12.0,13.0,16.307692307692307,6917.419,5330.890533333333,6.0,13.058823529411764
1550271,2015-05-22,7,Produce,17.0,0,58.88,0.0,0.0,0.0,0.0,0.0,0.0,0.0,0.0,0.0,0.0,0.0,22,4,5,2015,4.0,66.0,27.857142857142858,5.0,20.22222222222222,1.0,16.0,21.0,15.076923076923077,4125.403,5115.637466666667,5.0,13.529411764705882
1552053,2015-05-23,7,Produce,47.0,0,58.4825,0.0,0.0,0.0,0.0,0.0,0.0,0.0,0.0,0.0,0.0,0.0,23,5,5,2015,11.0,48.0,27.714285714285715,2.0,14.666666666666666,1.0,17.363636363636363,30.0,15.23076923076923,4453.456,5144.869266666666,19.0,15.647058823529411
1553835,2015-05-24,7,Produce,35.0,0,58.085,0.0,0.0,0.0,0.0,0.0,1.0,0.0,0.0,0.0,0.0,0.0,24,6,5,2015,25.0,23.0,26.857142857142858,19.0,11.0,2.0,16.727272727272727,1.0,13.307692307692308,4524.708,5122.9918,43.0,16.88235294117647
1555617,2015-05-25,7,Produce,5.0,0,57.6875,0.0,0.0,0.0,0.0,0.0,0.0,0.0,0.0,0.0,0.0,0.0,25,0,5,2015,91.0,1.0,22.285714285714285,38.0,11.555555555555555,4.0,15.272727272727273,4.0,11.23076923076923,4892.308,5164.950333333333,35.0,15.058823529411764
1557399,2015-05-26,7,Produce,1.0,0,57.29,0.0,0.0,0.0,0.0,0.0,0.0,0.0,0.0,0.0,0.0,0.0,26,1,5,2015,77.0,3.0,16.428571428571427,25.0,16.333333333333332,15.0,12.090909090909092,0.0,11.461538461538462,5768.694,5191.098733333333,4.0,13.470588235294118
1559181,2015-05-27,7,Produce,1.0,1,57.51,0.0,0.0,0.0,0.0,0.0,0.0,0.0,0.0,0.0,0.0,0.0,27,2,5,2015,2.0,4.0,22.571428571428573,1.0,23.11111111111111,44.0,9.727272727272727,7.0,11.23076923076923,4687.386,5136.202933333334,4.0,12.529411764705882
1560963,2015-05-28,7,Produce,4.0,0,57.69,0.0,0.0,0.0,0.0,0.0,0.0,0.0,0.0,0.0,0.0,0.0,28,3,5,2015,3.0,11.0,30.285714285714285,4.0,28.22222222222222,15.0,12.181818181818182,23.0,10.76923076923077,6721.762,5263.949733333333,3.0,13.117647058823529
1562745,2015-05-29,7,Produce,7.0,0,60.25,0.0,0.0,0.0,0.0,0.0,0.0,0.0,0.0,0.0,0.0,0.0,29,4,5,2015,3.0,25.0,30.428571428571427,10.0,28.666666666666668,1.0,15.545454545454545,21.0,11.538461538461538,4274.532,5114.6066666666675,6.0,14.235294117647058
1564527,2015-05-30,7,Produce,45.0,0,60.24666666666667,0.0,0.0,0.0,0.0,0.0,0.0,0.0,0.0,0.0,0.0,0.0,30,5,5,2015,15.0,91.0,30.428571428571427,43.0,24.555555555555557,3.0,17.727272727272727,19.0,12.076923076923077,4637.479,5150.484200000001,12.0,15.941176470588236
1566309,2015-05-31,7,Produce,35.0,0,60.24333333333333,0.0,0.0,0.0,0.0,0.0,0.0,0.0,0.0,0.0,0.0,0.0,31,6,5,2015,12.0,77.0,30.285714285714285,66.0,22.11111111111111,6.0,17.454545454545453,1.0,14.307692307692308,4638.314,5140.160733333333,38.0,17.41176470588235
1568091,2015-06-01,7,Produce,6208.6147,0,60.24,0.0,0.0,0.0,0.0,0.0,0.0,0.0,0.0,0.0,0.0,0.0,1,0,6,2015,41.0,2.0,30.857142857142858,48.0,22.444444444444443,15.0,16.545454545454547,4.0,14.23076923076923,5137.783,5154.501066666667,24.0,16.352941176470587
1569873,2015-06-02,7,Produce,5539.481,0,61.3,0.0,0.0,0.0,0.0,0.0,0.0,0.0,0.0,0.0,0.0,0.0,2,1,6,2015,20.0,3.0,29.0,23.0,23.22222222222222,28.0,12.818181818181818,2.0,14.461538461538462,5976.387,5201.6252,1.0,13.823529411764707
1571655,2015-06-03,7,Produce,7852.24,188,59.67,0.0,0.0,0.0,0.0,0.0,0.0,0.0,0.0,0.0,0.0,0.0,3,2,6,2015,4.0,3.0,21.857142857142858,1.0,24.88888888888889,38.0,11.545454545454545,7.0,14.076923076923077,5024.116,5141.3054,3.0,11.882352941176471
1573437,2015-06-04,7,Produce,4631.433,0,58.0,0.0,0.0,0.0,0.0,0.0,0.0,0.0,0.0,0.0,0.0,0.0,4,3,6,2015,3.0,15.0,13.714285714285714,3.0,30.22222222222222,26.0,13.272727272727273,31.0,12.538461538461538,7179.499,5311.364173333333,5.0,12.117647058823529
1575219,2015-06-05,7,Produce,4814.861,1,59.11,0.0,0.0,0.0,0.0,0.0,0.0,0.0,0.0,0.0,0.0,0.0,5,4,6,2015,6.0,12.0,14.0,4.0,31.444444444444443,1.0,16.636363636363637,37.0,12.076923076923077,4677.273,5167.566106666667,12.0,13.176470588235293
1577001,2015-06-06,7,Produce,4794.687,0,58.79,0.0,0.0,0.0,0.0,0.0,0.0,0.0,0.0,0.0,0.0,0.0,6,5,6,2015,11.0,41.0,14.0,11.0,26.333333333333332,5.0,18.636363636363637,30.0,14.076923076923077,4663.566,5214.17044,22.0,17.0
1578783,2015-06-07,7,Produce,5401.926,0,58.47,0.0,0.0,0.0,0.0,0.0,0.0,0.0,0.0,0.0,0.0,0.0,7,6,6,2015,17.0,20.0,14.428571428571429,25.0,24.11111111111111,3.0,17.272727272727273,3.0,16.23076923076923,4298.604,5199.551973333334,35.0,19.529411764705884
1580565,2015-06-08,7,Produce,5988.919,0,58.15,0.0,0.0,0.0,0.0,0.0,0.0,0.0,0.0,0.0,0.0,0.0,8,0,6,2015,47.0,4.0,13.857142857142858,91.0,24.333333333333332,1.0,14.909090909090908,3.0,15.923076923076923,4739.813,5200.911573333334,30.0,19.058823529411764
1582347,2015-06-09,7,Produce,5046.415,0,60.15,0.0,0.0,0.0,0.0,0.0,0.0,0.0,0.0,0.0,0.0,0.0,9,1,6,2015,35.0,3.0,14.571428571428571,77.0,25.666666666666668,20.0,11.454545454545455,2.0,15.76923076923077,5599.17,5210.61904,1.0,17.0
1584129,2015-06-10,7,Produce,7081.888,182,61.36,0.0,0.0,0.0,0.0,0.0,0.0,0.0,0.0,0.0,0.0,0.0,10,2,6,2015,5.0,6.0,15.428571428571429,2.0,26.555555555555557,40.0,9.272727272727273,3.0,15.23076923076923,4863.897,5116.28064,0.0,15.705882352941176
1585911,2015-06-11,7,Produce,4618.962,0,60.74,0.0,0.0,0.0,0.0,0.0,0.0,0.0,0.0,0.0,0.0,0.0,11,3,6,2015,1.0,11.0,17.571428571428573,3.0,29.88888888888889,28.0,10.909090909090908,15.0,13.461538461538462,7238.2676,5205.41744,2.0,16.058823529411764
1587693,2015-06-12,7,Produce,5020.098,0,59.96,0.0,0.0,0.0,0.0,0.0,0.0,0.0,0.0,0.0,0.0,0.0,12,4,6,2015,1.0,17.0,17.714285714285715,3.0,29.333333333333332,0.0,15.090909090909092,45.0,12.076923076923077,4564.791,4986.934973333334,8.0,18.470588235294116
1589475,2015-06-13,7,Produce,4553.07,0,59.81666666666667,0.0,0.0,0.0,0.0,0.0,0.0,0.0,0.0,0.0,0.0,0.0,13,5,6,2015,4.0,47.0,17.428571428571427,15.0,19.666666666666668,2.0,18.181818181818183,29.0,12.923076923076923,4973.597,4977.593306666667,22.0,20.58823529411765
1591257,2015-06-14,7,Produce,4915.349,0,59.67333333333333,0.0,0.0,0.0,0.0,0.0,0.0,0.0,0.0,0.0,0.0,0.0,14,6,6,2015,7.0,35.0,16.714285714285715,12.0,11.444444444444445,0.0,18.545454545454547,0.0,15.846153846153847,4418.202,4933.967973333333,68.0,21.470588235294116
1593039,2015-06-15,7,Produce,6045.265,1,59.53,0.0,0.0,0.0,0.0,0.0,0.0,0.0,0.0,0.0,0.0,0.0,15,0,6,2015,45.0,5.0,15.714285714285714,41.0,11.88888888888889,2.0,16.727272727272727,0.0,15.692307692307692,4658.708,4928.717706666666,49.0,20.352941176470587
1594821,2015-06-16,7,Produce,5149.698,0,60.01,0.0,0.0,0.0,0.0,0.0,0.0,0.0,0.0,0.0,0.0,0.0,16,1,6,2015,35.0,1.0,14.285714285714286,20.0,12.777777777777779,19.0,13.545454545454545,0.0,15.615384615384615,5283.395,4998.057306666667,4.0,18.705882352941178
1596603,2015-06-17,7,Produce,7488.471,182,59.89,0.0,0.0,0.0,0.0,0.0,0.0,0.0,0.0,0.0,0.0,0.0,17,2,6,2015,6208.6147,1.0,14.0,4.0,14.333333333333334,51.0,11.181818181818182,8.0,15.538461538461538,4561.311,4982.407773333333,3.0,17.235294117647058
1598385,2015-06-18,7,Produce,4766.145,2,60.41,0.0,0.0,0.0,0.0,0.0,0.0,0.0,0.0,0.0,0.0,0.0,18,3,6,2015,5539.481,4.0,14.0,3.0,17.88888888888889,37.0,12.909090909090908,19.0,14.692307692307692,6361.168,4952.822306666667,2.0,17.294117647058822
1600167,2015-06-19,7,Produce,4985.905,0,59.62,0.0,0.0,0.0,0.0,0.0,0.0,0.0,0.0,0.0,0.0,0.0,19,4,6,2015,7852.24,7.0,900.2306714285714,6.0,20.444444444444443,5.0,16.181818181818183,41.0,12.384615384615385,3902.262,4744.7171333333345,7.0,19.0
1601949,2015-06-20,7,Produce,5564.7393,1,59.75,0.0,0.0,0.0,0.0,0.0,0.0,0.0,0.0,0.0,0.0,0.0,20,5,6,2015,4631.433,45.0,1691.442242857143,11.0,16.444444444444443,0.0,18.454545454545453,41.0,13.538461538461538,4537.148,4629.70226,44.0,21.11764705882353
1603731,2015-06-21,7,Produce,4279.846,1,59.879999999999995,0.0,0.0,0.0,0.0,0.0,0.0,0.0,0.0,0.0,0.0,0.0,21,6,6,2015,4814.861,35.0,2813.0479571428573,17.0,14.333333333333334,5.0,18.363636363636363,1.0,14.692307692307692,4009.186,4457.937526666667,41.0,22.058823529411764
1605513,2015-06-22,7,Produce,5648.66,1,60.01,0.0,0.0,0.0,0.0,0.0,0.0,0.0,0.0,0.0,0.0,0.0,22,0,6,2015,4794.687,6208.6147,3474.1098142857145,47.0,14.0,2.0,17.0,1.0,14.76923076923077,4219.85,4417.538326666667,27.0,20.88235294117647
1607295,2015-06-23,7,Produce,5461.269,1,61.05,0.0,0.0,0.0,0.0,1.0,0.0,0.0,0.0,0.0,0.0,0.0,23,1,6,2015,5401.926,5539.481,4160.947099999999,35.0,14.11111111111111,19.0,13.272727272727273,2.0,15.0,5779.907,4400.620526666667,3.0,329.3072941176471
1609077,2015-06-24,7,Produce,6883.072,183,60.01,0.0,0.0,0.0,0.0,0.0,0.0,0.0,0.0,0.0,0.0,0.0,24,2,6,2015,5988.919,7852.24,4839.473814285714,5.0,14.222222222222221,38.0,13.818181818181818,4.0,14.846153846153847,5364.427,4373.11766,7.0,734.8085882352941
1610859,2015-06-25,7,Produce,4377.639,1,59.59,0.0,0.0,0.0,0.0,2.0,0.0,1.0,0.0,0.0,0.0,0.0,25,3,6,2015,5046.415,4631.433,5606.177528571429,1.0,18.0,25.0,19.363636363636363,15.0,14.538461538461538,4420.115,4070.0302599999995,5.0,1003.7777647058824
1612641,2015-06-26,7,Produce,5001.554,0,59.41,0.0,0.0,0.0,0.0,0.0,0.0,0.0,0.0,0.0,0.0,0.0,26,4,6,2015,7081.888,4814.861,5574.792428571428,1.0,20.0,1.0,23.727272727272727,44.0,13.538461538461538,4116.69,3648.1523933333333,2.0,1283.0518235294119
1614423,2015-06-27,7,Produce,4902.389,1,59.053333333333335,0.0,0.0,0.0,0.0,0.0,0.0,0.0,0.0,0.0,0.0,0.0,27,5,6,2015,4618.962,4794.687,5504.354428571429,4.0,704.6238555555556,4.0,25.363636363636363,15.0,13.307692307692308,2839.5679,3388.934926666667,29.0,1544.4013529411766
1616205,2015-06-28,7,Produce,4977.833,1,58.696666666666665,0.0,0.0,0.0,0.0,0.0,0.0,0.0,0.0,0.0,0.0,0.0,28,6,6,2015,5020.098,5401.926,5394.304142857143,7.0,1316.2328555555555,10.0,25.272727272727273,1.0,15.23076923076923,2397.126,3086.7250599999998,38.0,1789.999
1617987,2015-06-29,7,Produce,5617.267,1,58.34,0.0,0.0,0.0,0.0,0.0,0.0,0.0,0.0,0.0,0.0,0.0,29,0,6,2015,4553.07,5988.919,5392.522571428572,45.0,2188.1484111111113,43.0,23.818181818181817,3.0,15.23076923076923,3812.214,2819.5793266666665,24.0,2086.082588235294
1619769,2015-06-30,7,Produce,4663.222,2,59.48,0.0,0.0,0.0,0.0,0.0,0.0,0.0,0.0,0.0,0.0,0.0,30,1,6,2015,4915.349,5046.415,5421.842142857143,35.0,2702.640966666667,66.0,20.727272727272727,6.0,15.461538461538462,4404.941,2538.5226599999996,2.0,2359.522
1621551,2015-07-01,7,Produce,8037.236,183,56.94,0.0,0.0,0.0,0.0,0.0,0.0,0.0,0.0,0.0,0.0,0.0,1,2,7,2015,6045.265,7081.888,5387.325428571428,6208.6147,3237.514411111111,48.0,19.454545454545453,15.0,15.384615384615385,4870.852,2153.52886,5311.224,2732.955117647059
1623333,2015-07-02,7,Produce,4912.937,0,56.93,0.0,0.0,0.0,0.0,0.0,0.0,0.0,0.0,0.0,0.0,0.0,2,3,7,2015,5149.698,4618.962,5317.814428571429,5539.481,3769.8129666666664,23.0,21.636363636363637,28.0,14.307692307692308,15.0,1797.6337266666667,6942.522,2967.9070588235295
1625115,2015-07-03,7,Produce,5839.433,1,55.817499999999995,0.0,0.0,0.0,0.0,2.0,0.0,0.0,0.0,0.0,0.0,0.0,3,4,7,2015,7488.471,5020.098,5325.863857142857,7852.24,4369.249188888889,1.0,29.545454545454547,38.0,12.461538461538462,33.0,1505.6927266666667,4576.476,3221.6575882352945
1626897,2015-07-04,7,Produce,5340.422,0,54.705,0.0,0.0,0.0,0.0,0.0,0.0,0.0,0.0,0.0,0.0,0.0,4,5,7,2015,4766.145,4553.07,5340.618571428572,4631.433,5029.684633333333,3.0,35.63636363636363,26.0,14.384615384615385,14.0,1233.38006,4750.659,3522.098941176471
1628679,2015-07-05,7,Produce,4254.183,0,53.5925,0.0,0.0,0.0,0.0,0.0,0.0,0.0,0.0,0.0,0.0,0.0,5,6,7,2015,4985.905,4915.349,5398.701857142857,4814.861,5586.508522222222,4.0,31.90909090909091,1.0,16.46153846153846,4.0,1044.3422,4444.942,3765.2142941176467
1630461,2015-07-06,7,Produce,6250.321,0,52.48,0.0,0.0,0.0,0.0,0.0,0.0,0.0,0.0,0.0,0.0,0.0,6,0,7,2015,5564.7393,6045.265,5419.728,4794.687,5683.538888888888,11.0,26.181818181818183,5.0,16.23076923076923,2.0,884.6671333333333,4182.16,4061.693588235294
1632243,2015-07-07,7,Produce,3460.67,0,52.33,0.0,0.0,0.0,0.0,0.0,0.0,0.0,0.0,0.0,0.0,0.0,7,1,7,2015,4279.846,5149.698,5414.843285714286,5401.926,5581.259000000001,25.0,22.09090909090909,3.0,15.923076923076923,4.0,630.7862,5077.421,4314.775647058824
1634025,2015-07-08,7,Produce,7149.915,180,51.61,0.0,0.0,0.0,0.0,0.0,0.0,0.0,0.0,0.0,0.0,0.0,8,2,7,2015,5648.66,7488.471,5559.367471428572,5988.919,5266.576555555555,91.0,21.363636363636363,1.0,14.76923076923077,5.0,337.32346666666666,4689.47,4671.949294117648
1635807,2015-07-09,7,Produce,5604.546,0,52.76,0.0,0.0,0.0,0.0,0.0,0.0,0.0,0.0,0.0,0.0,0.0,9,3,7,2015,5461.269,4766.145,5468.581328571429,5046.415,5257.869555555556,77.0,22.363636363636363,20.0,12.76923076923077,26.0,13.6,6375.363,4909.799235294117
1637589,2015-07-10,7,Produce,5720.022,0,52.74,0.0,0.0,0.0,0.0,0.0,0.0,0.0,0.0,0.0,0.0,0.0,10,4,7,2015,6883.072,4985.905,5411.923471428571,7081.888,5269.034888888888,2.0,25.818181818181817,40.0,11.307692307692308,41.0,15.266666666666667,3997.183,4871.576647058823
1639371,2015-07-11,7,Produce,4555.023,0,52.556666666666665,0.0,0.0,0.0,0.0,0.0,0.0,0.0,0.0,0.0,0.0,0.0,11,5,7,2015,4377.639,5564.7393,5456.433614285715,4618.962,5407.988,3.0,27.272727272727273,28.0,13.23076923076923,32.0,14.866666666666667,4320.759,4711.304176470589
1641153,2015-07-12,7,Produce,4628.379,0,52.373333333333335,0.0,0.0,0.0,0.0,0.0,0.0,0.0,0.0,0.0,0.0,0.0,12,6,7,2015,5001.554,4279.846,5369.948042857142,5020.098,5379.962666666666,3.0,26.636363636363637,0.0,16.0,4.0,13.933333333333334,5112.503,4673.4234117647065
1642935,2015-07-13,7,Produce,5303.056,0,52.19,0.0,0.0,0.0,0.0,0.0,0.0,0.0,0.0,0.0,0.0,0.0,13,0,7,2015,4902.389,5648.66,5314.447185714286,4553.07,5546.579555555556,15.0,24.636363636363637,2.0,16.0,2.0,13.933333333333334,4134.961,4691.191941176471
1644717,2015-07-14,7,Produce,4968.491,0,53.05,0.0,0.0,0.0,0.0,0.0,0.0,0.0,0.0,0.0,0.0,0.0,14,1,7,2015,4977.833,5461.269,5316.682757142858,4915.349,5515.438444444445,12.0,16.90909090909091,0.0,15.76923076923077,4.0,14.133333333333333,5069.148,4654.222705882353
1646499,2015-07-15,7,Produce,6422.814,185,51.4,0.0,0.0,0.0,0.0,0.0,0.0,0.0,0.0,0.0,0.0,0.0,15,2,7,2015,5617.267,6883.072,5222.061285714285,6045.265,5282.551444444445,41.0,10.909090909090908,2.0,16.076923076923077,3.0,14.133333333333333,4340.395,4754.685352941177
1648281,2015-07-16,7,Produce,4344.941,0,50.9,0.0,0.0,0.0,0.0,0.0,0.0,0.0,0.0,0.0,0.0,0.0,16,3,7,2015,4663.222,4377.639,5321.773714285714,5149.698,5387.637811111112,20.0,12.272727272727273,19.0,14.692307692307692,15.0,14.466666666666667,6095.952,4688.487705882354
1650063,2015-07-17,7,Produce,5043.174,0,50.88,0.0,0.0,0.0,0.0,0.0,0.0,0.0,0.0,0.0,0.0,0.0,17,4,7,2015,8037.236,5001.554,5317.289,7488.471,5305.387588888889,4.0,16.272727272727273,51.0,13.076923076923077,40.0,15.2,4045.449,4646.073647058824
1651845,2015-07-18,7,Produce,4046.375,0,50.623333333333335,0.0,0.0,0.0,0.0,0.0,0.0,0.0,0.0,0.0,0.0,0.0,18,5,7,2015,4912.937,4902.389,5203.282285714286,4766.145,5427.119811111112,3.0,19.181818181818183,37.0,13.846153846153847,27.0,14.4,4661.44,4495.45205882353
1653627,2015-07-19,7,Produce,4603.359,0,50.36666666666667,0.0,0.0,0.0,0.0,0.0,0.0,0.0,0.0,0.0,0.0,0.0,19,6,7,2015,5839.433,4977.833,5368.162857142857,4985.905,5487.77758888889,6.0,18.272727272727273,5.0,15.76923076923077,0.0,12.533333333333333,4217.89,4490.726411764706
1655409,2015-07-20,7,Produce,5226.882,0,50.11,0.0,0.0,0.0,0.0,0.0,0.0,0.0,0.0,0.0,0.0,0.0,20,0,7,2015,5340.422,5617.267,5444.633999999999,5564.7393,5580.867255555556,11.0,17.272727272727273,0.0,15.692307692307692,4.0,12.333333333333334,3932.503,4524.125823529412
1657191,2015-07-21,7,Produce,4460.821,0,50.59,0.0,0.0,0.0,0.0,0.0,0.0,0.0,0.0,0.0,0.0,0.0,21,1,7,2015,4254.183,4663.222,5564.331,4279.846,5495.082922222222,17.0,13.636363636363637,5.0,16.0,5.0,12.333333333333334,5052.724,4461.0052352941175
1658973,2015-07-22,7,Produce,6307.895,184,49.27,0.0,0.0,0.0,0.0,0.0,0.0,0.0,0.0,0.0,0.0,0.0,22,2,7,2015,6250.321,8037.236,5626.907142857142,5648.66,5218.758811111112,47.0,12.181818181818182,2.0,16.615384615384617,4.0,12.266666666666667,3816.465,4571.347588235294
1660755,2015-07-23,7,Produce,4265.826,0,48.11,0.0,0.0,0.0,0.0,1.0,0.0,0.0,0.0,0.0,0.0,0.0,23,3,7,2015,3460.67,4912.937,5523.528571428571,5461.269,5233.897033333333,35.0,12.454545454545455,19.0,18.46153846153846,10.0,12.733333333333333,5890.025,4482.142588235294
1662537,2015-07-24,7,Produce,4673.506,0,47.98,0.0,0.0,0.0,0.0,1.0,0.0,0.0,0.0,0.0,0.0,0.0,24,4,7,2015,7149.915,5839.433,5613.964857142857,6883.072,5233.000144444445,5.0,16.272727272727273,38.0,19.615384615384617,37.0,13.4,3952.061,4228.237
1664319,2015-07-25,7,Produce,4293.037,0,47.71,0.0,0.0,0.0,0.0,1.0,0.0,0.0,0.0,0.0,0.0,0.0,25,5,7,2015,5604.546,5340.422,5442.171714285714,4377.639,5238.836555555555,1.0,18.90909090909091,25.0,20.46153846153846,29.0,12.4,3968.431,3872.1809999999996
1666101,2015-07-26,7,Produce,4243.4,0,47.44,0.0,0.0,0.0,0.0,0.0,0.0,0.0,0.0,0.0,0.0,0.0,26,6,7,2015,5720.022,4254.183,5315.411571428572,5001.554,5281.433888888889,1.0,582.3286090909091,1.0,21.846153846153847,4.0,10.733333333333333,3814.796,3636.2722352941173
1667883,2015-07-27,7,Produce,5534.167,0,47.17,0.0,0.0,0.0,0.0,0.0,0.0,0.0,0.0,0.0,0.0,0.0,27,0,7,2015,4555.023,6250.321,5414.212857142857,4902.389,5546.831222222222,4.0,1084.3723363636364,4.0,21.923076923076923,1.0,10.866666666666667,3916.847,3362.481647058823
1669665,2015-07-28,7,Produce,4421.943,0,47.97,0.0,0.0,0.0,0.0,0.0,0.0,0.0,0.0,0.0,0.0,0.0,28,1,7,2015,4628.379,3460.67,5397.154142857143,4977.833,5485.905444444445,7.0,1793.939609090909,10.0,21.76923076923077,2.0,10.666666666666666,4888.549,3114.723411764706
1671447,2015-07-29,7,Produce,6058.718,184,48.77,0.0,0.0,0.0,0.0,0.0,0.0,0.0,0.0,0.0,0.0,0.0,29,2,7,2015,5303.056,7149.915,5284.954285714286,5617.267,5369.945555555555,45.0,2211.7971545454548,43.0,21.923076923076923,3.0,10.866666666666667,4039.453,2883.6938235294115
1673229,2015-07-30,7,Produce,3674.57,0,48.53,0.0,0.0,0.0,0.0,0.0,0.0,0.0,0.0,0.0,0.0,0.0,30,3,7,2015,4968.491,5604.546,5338.410857142858,4663.222,5476.921444444444,35.0,2649.0572454545454,66.0,21.307692307692307,10.0,11.866666666666667,6010.781,2586.945352941176
1675011,2015-07-31,7,Produce,4768.616,0,47.11,0.0,0.0,0.0,0.0,0.0,0.0,0.0,0.0,0.0,0.0,0.0,31,4,7,2015,6422.814,5720.022,5203.087285714285,8037.236,5393.880222222222,6208.6147,3084.8469727272723,48.0,20.307692307692307,25.0,13.8,3552.663,2363.682705882353
1676793,2015-08-01,7,Produce,4240.209,0,46.49,0.0,0.0,0.0,0.0,0.0,0.0,0.0,0.0,0.0,0.0,0.0,1,5,8,2015,4344.941,4555.023,5418.490285714286,4912.937,5543.6504444444445,5539.481,3575.8402454545458,23.0,25.384615384615383,25.0,12.533333333333333,24.0,2019.328294117647
1678575,2015-08-02,7,Produce,4428.291,0,45.87,0.0,0.0,0.0,0.0,0.0,0.0,0.0,0.0,0.0,0.0,0.0,2,6,8,2015,5043.174,4628.379,5314.618714285714,5839.433,5375.076777777776,7852.24,4119.923790909091,1.0,31.23076923076923,2.0,10.733333333333333,43.0,1788.2658823529412
1680357,2015-08-03,7,Produce,5050.95,0,45.25,0.0,0.0,0.0,0.0,0.0,0.0,0.0,0.0,0.0,0.0,0.0,3,0,8,2015,4046.375,5303.056,5134.675142857143,5340.422,5545.371,4631.433,4578.052427272727,3.0,31.076923076923077,2.0,10.733333333333333,35.0,1555.3581764705882
1682139,2015-08-04,7,Produce,4994.974,0,45.75,0.0,0.0,0.0,0.0,0.0,0.0,0.0,0.0,0.0,0.0,0.0,4,1,8,2015,4603.359,4968.491,5037.982571428571,4254.183,5649.962555555556,4814.861,5217.769518181818,4.0,30.53846153846154,1.0,10.866666666666667,7.0,1331.193705882353
1683921,2015-08-05,7,Produce,5479.969,187,45.13,0.0,0.0,0.0,0.0,1.0,0.0,0.0,0.0,0.0,0.0,0.0,5,2,8,2015,5226.882,6422.814,4965.318571428571,6250.321,5392.494333333332,4794.687,5634.493336363636,11.0,27.46153846153846,8.0,11.466666666666667,6.0,1101.3203529411765
1685703,2015-08-06,7,Produce,3872.812,0,44.69,0.0,0.0,0.0,0.0,0.0,0.0,0.0,0.0,0.0,0.0,0.0,6,3,8,2015,4460.821,4344.941,4961.744285714286,3460.67,5352.726111111111,5401.926,5526.446363636364,25.0,23.53846153846154,19.0,12.533333333333333,5.0,814.2292352941176
1687485,2015-08-07,7,Produce,3987.9,0,43.87,0.0,0.0,0.0,0.0,0.0,0.0,0.0,0.0,0.0,0.0,0.0,7,4,8,2015,6307.895,5043.174,4950.8622857142855,7149.915,5218.164555555555,5988.919,5436.772636363637,91.0,20.76923076923077,39.0,14.466666666666667,8.0,576.6143529411764
1689267,2015-08-08,7,Produce,3711.546,0,44.22666666666667,0.0,0.0,0.0,0.0,0.0,0.0,0.0,0.0,0.0,0.0,0.0,8,5,8,2015,4265.826,4046.375,4878.338000000001,5604.546,5214.012777777778,5046.415,5169.782545454546,77.0,22.153846153846153,18.0,14.066666666666666,21.0,224.27429411764706
1691049,2015-08-09,7,Produce,2973.711,0,44.58333333333333,0.0,0.0,0.0,0.0,0.0,0.0,0.0,0.0,0.0,0.0,0.0,9,6,8,2015,4673.506,4603.359,4861.921,5720.022,5293.380333333333,7081.888,5298.312727272728,2.0,23.615384615384617,2.0,15.333333333333334,36.0,16.176470588235293
1692831,2015-08-10,7,Produce,3912.3071,0,44.94,0.0,0.0,0.0,0.0,0.0,1.0,0.0,0.0,0.0,0.0,0.0,10,0,8,2015,4293.037,5226.882,4850.618857142857,4555.023,5312.546222222223,4618.962,5328.752454545454,3.0,23.692307692307693,4.0,17.066666666666666,24.0,15.176470588235293
1694613,2015-08-11,7,Produce,5228.675,0,43.11,0.0,0.0,0.0,0.0,0.0,0.0,0.0,0.0,0.0,0.0,0.0,11,1,8,2015,4243.4,4460.821,4797.809142857142,4628.379,5410.798555555555,5020.098,5573.6419090909085,3.0,23.615384615384617,3.0,17.0,9.0,13.0
1696395,2015-08-12,7,Produce,6486.044,194,43.22,0.0,0.0,0.0,0.0,0.0,0.0,0.0,0.0,0.0,0.0,0.0,12,2,8,2015,5534.167,6307.895,4833.046571428572,5303.056,5176.716222222222,4553.07,5515.8436363636365,15.0,23.23076923076923,11.0,17.266666666666666,4.0,11.352941176470589
1698177,2015-08-13,7,Produce,4598.638,0,42.27,0.0,0.0,0.0,0.0,0.0,0.0,0.0,0.0,0.0,0.0,0.0,13,3,8,2015,4421.943,4265.826,4781.623857142857,4968.491,5003.586111111112,4915.349,5424.660545454546,12.0,22.153846153846153,19.0,17.6,9.0,11.529411764705882
1699959,2015-08-14,7,Produce,5406.882,0,42.45,0.0,0.0,0.0,0.0,0.0,0.0,0.0,0.0,0.0,0.0,0.0,14,4,8,2015,6058.718,4673.506,4825.521714285715,6422.814,4879.512444444444,6045.265,5471.780936363637,41.0,16.46153846153846,39.0,17.733333333333334,8.0,12.117647058823529
1701741,2015-08-15,7,Produce,5226.608,0,42.27666666666667,0.0,0.0,0.0,0.0,1.0,0.0,0.0,0.0,0.0,0.0,0.0,15,5,8,2015,3674.57,4293.037,4819.967714285715,4344.941,4954.163444444445,5149.698,5217.049845454546,20.0,14.153846153846153,19.0,17.133333333333333,0.0,14.058823529411764
1703523,2015-08-16,7,Produce,4109.201,1,42.10333333333333,0.0,0.0,0.0,0.0,0.0,0.0,0.0,0.0,0.0,0.0,0.0,16,6,8,2015,4768.616,4243.4,4784.371,5043.174,4935.545888888889,7488.471,5310.658754545454,4.0,16.692307692307693,44.0,16.0,21.0,14.352941176470589
1705305,2015-08-17,7,Produce,4710.434,0,41.93,0.0,0.0,0.0,0.0,0.0,0.0,0.0,0.0,0.0,0.0,0.0,17,0,8,2015,4240.209,5534.167,4699.905857142857,4046.375,5047.194666666666,4766.145,5350.76520909091,3.0,16.846153846153847,28.0,16.133333333333333,15.0,13.176470588235293
1707087,2015-08-18,7,Produce,4488.304,0,42.58,0.0,0.0,0.0,0.0,0.0,0.0,0.0,0.0,0.0,0.0,0.0,18,1,8,2015,4428.291,4421.943,4713.493,4603.359,4969.120777777778,4985.905,5562.583572727272,6.0,16.692307692307693,1.0,15.866666666666667,7.0,11.235294117647058
1708869,2015-08-19,7,Produce,5794.983,185,40.75,0.0,0.0,0.0,0.0,0.0,0.0,0.0,0.0,0.0,0.0,0.0,19,2,8,2015,5050.95,6058.718,4705.946142857143,5226.882,4774.753222222222,5564.7393,5513.700845454546,11.0,15.615384615384615,5.0,16.133333333333333,6.0,10.117647058823529
1710651,2015-08-20,7,Produce,4128.968,0,41.0,0.0,0.0,0.0,0.0,0.0,0.0,0.0,0.0,0.0,0.0,0.0,20,3,8,2015,4994.974,3674.57,4732.3591428571435,4460.821,4768.986111111111,4279.846,5418.818027272727,17.0,15.0,13.0,16.933333333333334,7.0,10.117647058823529
1712433,2015-08-21,7,Produce,4760.866,0,40.45,0.0,0.0,0.0,0.0,0.0,0.0,0.0,0.0,0.0,0.0,0.0,21,4,8,2015,5479.969,4768.616,4663.328142857143,6307.895,4680.122333333334,5648.66,5396.335390909091,47.0,12.384615384615385,21.0,17.066666666666666,10.0,11.117647058823529
1714215,2015-08-22,7,Produce,4812.182,0,39.70666666666667,0.0,0.0,0.0,0.0,0.0,0.0,0.0,0.0,0.0,0.0,0.0,22,5,8,2015,3872.812,4240.209,4745.189714285714,4265.826,4845.432555555555,5461.269,5168.095572727273,35.0,14.307692307692308,30.0,15.733333333333333,16.0,13.588235294117647
1715997,2015-08-23,7,Produce,4240.17,0,38.96333333333333,0.0,0.0,0.0,0.0,0.0,0.0,0.0,0.0,0.0,0.0,0.0,23,6,8,2015,3987.9,4428.291,4662.511285714286,4673.506,4825.2752222222225,6883.072,5245.4703,5.0,16.692307692307693,1.0,14.533333333333333,38.0,14.823529411764707
1717779,2015-08-24,7,Produce,5663.837,0,38.22,0.0,0.0,0.0,0.0,1.0,0.0,0.0,0.0,0.0,0.0,0.0,24,0,8,2015,3711.546,5050.95,4690.831571428571,4293.037,4917.701444444444,4377.639,5216.135481818182,1.0,494.0472846153846,4.0,11.866666666666667,13.0,397.7698823529412
1719561,2015-08-25,7,Produce,4662.087,0,39.15,0.0,0.0,0.0,0.0,0.0,0.0,0.0,0.0,0.0,0.0,0.0,25,1,8,2015,2973.711,4994.974,4579.300714285714,4243.4,4830.340222222223,5001.554,5440.907909090909,1.0,919.6996692307692,0.0,10.133333333333333,1.0,737.086411764706
1721343,2015-08-26,7,Produce,7251.481,190,38.5,0.0,0.0,0.0,0.0,0.0,0.0,0.0,0.0,0.0,0.0,0.0,26,2,8,2015,3912.3071,5479.969,4503.777428571429,5534.167,4659.309222222222,4902.389,5498.461636363637,4.0,1522.871976923077,7.0,10.533333333333333,3.0,1197.3444705882353
1723125,2015-08-27,7,Produce,4488.583,0,42.47,0.0,0.0,0.0,0.0,0.0,0.0,0.0,0.0,0.0,0.0,0.0,27,3,8,2015,5228.675,3872.812,4295.980285714285,4421.943,4656.462888888888,4977.833,5515.804636363636,7.0,1877.8283615384616,23.0,12.266666666666667,5.0,1484.047823529412
1724907,2015-08-28,7,Produce,5156.9683,0,45.29,0.0,0.0,0.0,0.0,0.0,0.0,0.0,0.0,0.0,0.0,0.0,28,4,8,2015,6486.044,3987.9,4133.317014285714,6058.718,4629.216777777778,5617.267,5504.818545454545,45.0,2244.5869,21.0,13.866666666666667,9.0,1773.2455294117647
1726689,2015-08-29,7,Produce,4804.659,0,46.593333333333334,0.0,0.0,0.0,0.0,0.0,0.0,0.0,0.0,0.0,0.0,0.0,29,5,8,2015,4598.638,3711.546,4166.702871428572,3674.57,4713.4293333333335,4663.222,5265.828636363636,35.0,2610.7166692307687,19.0,14.466666666666667,21.0,2057.292117647059
1728471,2015-08-30,7,Produce,5149.87,0,47.89666666666667,0.0,0.0,0.0,0.0,0.0,0.0,0.0,0.0,0.0,0.0,0.0,30,6,8,2015,5406.882,2973.711,4310.427871428571,4768.616,4796.937555555555,8037.236,5436.072454545454,6208.6147,3025.864823076923,1.0,12.666666666666666,51.0,2363.1267058823532
1730253,2015-08-31,7,Produce,5577.955,0,49.2,0.0,0.0,0.0,0.0,0.0,0.0,0.0,0.0,0.0,0.0,0.0,31,0,8,2015,5226.608,3912.3071,4414.1173,4240.209,4790.915555555555,4912.937,5295.992090909091,5539.481,3486.473976923077,4.0,12.8,29.0,2728.5612941176473
1732035,2015-09-01,7,Produce,6575.148,0,45.38,0.0,0.0,0.0,0.0,0.0,0.0,0.0,0.0,0.0,0.0,0.0,1,1,9,2015,4109.201,5228.675,4616.829014285714,4428.291,4729.901,5839.433,5500.312636363637,7852.24,3874.582823076923,2.0,12.666666666666666,6510.088,3041.168941176471
1733817,2015-09-02,7,Produce,7782.798,188,46.3,0.0,0.0,0.0,0.0,0.0,0.0,0.0,0.0,0.0,0.0,0.0,2,2,9,2015,4710.434,6486.044,4833.266442857143,5050.95,4499.810111111112,5340.422,5557.286545454545,4631.433,4419.035746153846,7.0,12.866666666666667,5789.381,3490.8475294117648
1735599,2015-09-03,7,Produce,4640.168,0,46.75,0.0,0.0,0.0,0.0,0.0,0.0,0.0,0.0,0.0,0.0,0.0,3,3,9,2015,4488.304,4598.638,4995.4793,4994.974,4503.918555555555,4254.183,5566.627909090908,4814.861,4773.802053846153,31.0,13.4,7839.387,3741.6361176470587
1737381,2015-09-04,7,Produce,5002.848,0,46.02,0.0,0.0,0.0,0.0,0.0,0.0,0.0,0.0,0.0,0.0,0.0,4,4,9,2015,5794.983,5406.882,5109.497428571428,5479.969,4304.484666666667,6250.321,5556.791636363636,4794.687,5156.501899999999,37.0,14.866666666666667,4880.957,4046.98
1739163,2015-09-05,7,Produce,5538.853,0,45.995000000000005,0.0,0.0,0.0,0.0,0.0,0.0,0.0,0.0,0.0,0.0,0.0,5,5,9,2015,4128.968,5226.608,5003.730142857143,3872.812,4268.051122222222,3460.67,5246.895545454545,5401.926,5504.045746153846,30.0,15.4,4922.361,4335.589470588235
1740945,2015-09-06,7,Produce,4956.018,0,45.97,0.0,0.0,0.0,0.0,0.0,0.0,0.0,0.0,0.0,0.0,0.0,6,6,9,2015,4760.866,4109.201,4905.007142857142,3987.9,4356.982677777778,7149.915,5282.360909090909,5988.919,5404.563769230769,3.0,14.133333333333333,4835.792,4632.472117647058
1742727,2015-09-07,7,Produce,5700.326,0,45.945,0.0,0.0,0.0,0.0,0.0,0.0,0.0,0.0,0.0,0.0,0.0,7,0,9,2015,4812.182,4710.434,4837.911428571429,3711.546,4516.4375666666665,5604.546,5203.184363636364,5046.415,5443.4702307692305,3.0,14.066666666666666,5209.188,4983.797705882353
1744509,2015-09-08,7,Produce,3899.554,0,45.92,0.0,0.0,0.0,0.0,0.0,0.0,0.0,0.0,0.0,0.0,0.0,8,1,9,2015,4240.17,4488.304,4745.623428571429,2973.711,4472.400233333334,5720.022,5301.583636363637,7081.888,5235.582384615384,2.0,13.8,6228.388,5303.497941176471
1746291,2015-09-09,7,Produce,7549.929,187,44.13,0.0,0.0,0.0,0.0,0.0,0.0,0.0,0.0,0.0,0.0,0.0,9,2,9,2015,5663.837,5794.983,4686.419714285715,3912.3071,4464.279455555556,4555.023,5309.834363636363,4618.962,5455.354538461538,3.0,14.2,5352.33,5748.726588235294
1748073,2015-09-10,7,Produce,4713.912,0,45.85,0.0,0.0,0.0,0.0,0.0,0.0,0.0,0.0,0.0,0.0,0.0,10,3,9,2015,4662.087,4128.968,4705.129571428572,5228.675,4614.701233333333,4628.379,5200.093727272728,5020.098,5451.607153846154,15.0,15.0,7657.536,5647.66694117647
1749855,2015-09-11,7,Produce,5743.374,0,44.75,0.0,0.0,0.0,0.0,0.0,0.0,0.0,0.0,0.0,0.0,0.0,11,4,9,2015,7251.481,4760.866,4841.33,6486.044,4628.179122222222,5303.056,5253.339636363637,4553.07,5466.316230769231,45.0,15.666666666666666,4264.406,5583.602647058823
1751637,2015-09-12,7,Produce,5392.309,0,44.52333333333333,0.0,0.0,0.0,0.0,0.0,0.0,0.0,0.0,0.0,0.0,0.0,12,5,9,2015,4488.583,4812.182,4866.156142857143,4598.638,4739.166677777777,4968.491,5021.834545454545,4915.349,5478.840330769231,29.0,15.933333333333334,5193.846,5452.541
1753419,2015-09-13,7,Produce,5158.655,0,44.29666666666667,0.0,0.0,0.0,0.0,0.0,0.0,0.0,0.0,0.0,0.0,0.0,13,6,9,2015,5156.9683,4240.17,5074.227285714286,5406.882,4907.454788888888,6422.814,4987.501454545455,6045.265,5347.373176923078,0.0,14.0,4911.361,5465.755823529412
1755201,2015-09-14,7,Produce,5732.882,0,44.07,0.0,0.0,0.0,0.0,0.0,0.0,0.0,0.0,0.0,0.0,0.0,14,0,9,2015,4804.659,5663.837,5125.6008571428565,5226.608,5116.641,4344.941,4873.028636363637,5149.698,5393.699715384616,0.0,13.866666666666667,5056.005,5525.957588235294
1756983,2015-09-15,7,Produce,5173.669,0,44.58,0.0,0.0,0.0,0.0,0.0,0.0,0.0,0.0,0.0,0.0,0.0,15,1,9,2015,5149.87,4662.087,5182.186900000001,4109.201,4994.451333333333,5043.174,5032.380636363637,7488.471,5269.0367153846155,0.0,13.8,5993.535,5527.279823529411
1758765,2015-09-16,7,Produce,8248.723,197,47.12,0.0,0.0,0.0,0.0,0.0,0.0,0.0,0.0,0.0,0.0,0.0,16,2,9,2015,5577.955,7251.481,5181.112185714286,4710.434,4802.764888888889,4046.375,4999.421272727273,4766.145,5443.199023076923,8.0,13.933333333333334,5485.904,5658.923294117648
1760547,2015-09-17,7,Produce,5130.178,0,46.93,0.0,0.0,0.0,0.0,0.0,0.0,0.0,0.0,0.0,0.0,0.0,17,3,9,2015,6575.148,4488.583,5311.069328571429,4488.304,4826.492,4603.359,4942.189454545454,4985.905,5393.779100000001,19.0,14.733333333333333,7597.887,5537.794705882353
1762329,2015-09-18,7,Produce,5139.536,0,44.71,0.0,0.0,0.0,0.0,0.0,0.0,0.0,0.0,0.0,0.0,0.0,18,4,9,2015,7782.798,5156.9683,5298.800471428572,5794.983,4696.857333333333,5226.882,4880.784545454546,5564.7393,5428.277869230768,41.0,16.666666666666668,4792.074,5506.126941176471
1764111,2015-09-19,7,Produce,5335.341,0,45.36333333333334,0.0,0.0,0.0,0.0,0.0,0.0,0.0,0.0,0.0,0.0,0.0,19,5,9,2015,4640.168,4804.659,5572.094899999999,4128.968,4745.4383333333335,4460.821,4682.656,4279.846,5427.280946153846,41.0,14.666666666666666,4700.288,5342.860411764706
1765893,2015-09-20,7,Produce,5181.554,0,46.016666666666666,0.0,0.0,0.0,0.0,0.0,0.0,0.0,0.0,0.0,0.0,0.0,20,6,9,2015,5002.848,5149.87,5647.997328571429,4760.866,4806.870111111111,6307.895,4790.767454545454,5648.66,5345.170792307692,1.0,12.8,5611.339,5399.41005882353
1767675,2015-09-21,7,Produce,5661.756,0,46.67,0.0,0.0,0.0,0.0,0.0,0.0,0.0,0.0,0.0,0.0,0.0,21,0,9,2015,5538.853,5577.955,5669.652328571428,4812.182,5089.208666666666,4265.826,4734.291909090909,5461.269,5381.137638461539,1.0,13.0,5105.609,5440.949294117647
1769457,2015-09-22,7,Produce,5092.0,0,46.17,0.0,0.0,0.0,0.0,0.0,0.0,0.0,0.0,0.0,0.0,0.0,22,1,9,2015,4956.018,6575.148,5647.6351428571425,4240.17,5089.239666666667,4673.506,4917.232181818182,6883.072,5163.810792307693,2.0,13.4,5945.791,5455.0880588235295
1771239,2015-09-23,7,Produce,8045.915,199,44.53,0.0,0.0,0.0,0.0,0.0,0.0,0.0,0.0,0.0,0.0,0.0,23,2,9,2015,5700.326,7782.798,5752.5199999999995,5663.837,5018.349144444445,4293.037,4832.796818181819,4377.639,5415.433176923077,4.0,14.4,4858.27,5657.91905882353
1773021,2015-09-24,7,Produce,4601.304,0,44.94,0.0,0.0,0.0,0.0,0.0,0.0,0.0,0.0,0.0,0.0,0.0,24,3,9,2015,3899.554,4640.168,5724.826857142857,4662.087,5093.425922222222,4243.4,4791.136272727273,5001.554,5409.820253846154,15.0,15.733333333333333,7447.127,5583.445411764706
1774803,2015-09-25,7,Produce,5346.506,0,45.55,0.0,0.0,0.0,0.0,0.0,0.0,0.0,0.0,0.0,0.0,0.0,25,4,9,2015,7549.929,5002.848,5742.3084285714285,7251.481,5136.648588888889,5534.167,4771.080636363637,4902.389,5430.950538461539,44.0,17.0,4169.202,5568.172058823529
1776585,2015-09-26,7,Produce,4744.062,0,45.166666666666664,0.0,0.0,0.0,0.0,0.0,0.0,0.0,0.0,0.0,0.0,0.0,26,5,9,2015,4713.912,5538.853,5360.080714285715,4488.583,5221.734477777778,4421.943,4600.207545454545,4977.833,5512.533307692307,15.0,16.0,4813.978,5430.605470588235
1778367,2015-09-27,7,Produce,5768.413,0,44.78333333333333,0.0,0.0,0.0,0.0,0.0,0.0,0.0,0.0,0.0,0.0,0.0,27,6,9,2015,5743.374,4956.018,5326.813714285714,5156.9683,5481.176477777778,6058.718,4671.582454545454,5617.267,5405.265846153847,1.0,13.333333333333334,4882.005,5470.3117647058825
1780149,2015-09-28,7,Produce,6236.402,0,44.4,0.0,0.0,0.0,0.0,1.0,0.0,0.0,0.0,0.0,0.0,0.0,28,0,9,2015,5392.309,5700.326,5337.348571428572,4804.659,5716.616588888889,3674.57,4700.806818181818,4663.222,5465.962153846154,3.0,13.6,5225.75,5532.00111764706
1781931,2015-09-29,7,Produce,5405.217,0,45.24,0.0,0.0,0.0,0.0,0.0,0.0,0.0,0.0,0.0,0.0,0.0,29,1,9,2015,5158.655,3899.554,5443.138,5149.87,5714.181144444445,4768.616,4808.709727272727,8037.236,5202.700461538461,6.0,13.733333333333333,5900.013,5502.811235294117
1783713,2015-09-30,7,Produce,8359.439,201,45.06,0.0,0.0,0.0,0.0,0.0,0.0,0.0,0.0,0.0,0.0,0.0,30,2,9,2015,5732.882,7549.929,5422.203142857143,5577.955,5464.333033333333,4240.209,4775.019909090909,4912.937,5415.952461538462,15.0,13.666666666666666,5151.72,5586.321882352941
1785495,2015-10-01,7,Produce,5796.036,1,44.75,0.0,0.0,0.0,0.0,0.0,0.0,0.0,0.0,0.0,0.0,0.0,1,3,10,2015,5173.669,4713.912,5451.151285714285,6575.148,5581.029700000001,4428.291,4634.450181818182,5839.433,5462.336461538462,28.0,14.733333333333333,8504.132,5485.042941176471
1787277,2015-10-02,7,Produce,5993.366,1,45.54,0.0,0.0,0.0,0.0,0.0,0.0,0.0,0.0,0.0,0.0,0.0,2,4,10,2015,8248.723,5743.374,5455.802142857143,7782.798,5558.701888888889,5050.95,4569.868636363636,5340.422,5525.231307692307,38.0,16.4,4727.483,5437.139352941177
1789059,2015-10-03,7,Produce,5707.29,1,45.78666666666667,0.0,0.0,0.0,0.0,0.0,0.0,0.0,0.0,0.0,0.0,0.0,3,5,10,2015,5130.178,5392.309,5637.818571428572,4640.168,5658.220444444444,4994.974,4289.413454545454,4254.183,5492.707461538462,26.0,15.333333333333334,5226.257,5219.643647058823
1790841,2015-10-04,7,Produce,5574.399,1,46.03333333333333,0.0,0.0,0.0,0.0,0.0,0.0,0.0,0.0,0.0,0.0,0.0,4,6,10,2015,5139.536,5158.655,5737.646285714285,5002.848,5519.296444444444,5479.969,4311.025918181817,6250.321,5416.639153846153,1.0,14.333333333333334,5259.255,5221.459117647059
1792623,2015-10-05,7,Produce,6425.103,1,46.28,0.0,0.0,0.0,0.0,0.0,0.0,0.0,0.0,0.0,0.0,0.0,5,0,10,2015,5335.341,5732.882,5797.112857142857,5538.853,5738.404666666666,3872.812,4352.849463636364,3460.67,5465.857153846154,5.0,14.4,5467.081,5284.362764705882
1794405,2015-10-06,7,Produce,5200.245,1,48.53,0.0,0.0,0.0,0.0,0.0,0.0,0.0,0.0,0.0,0.0,0.0,6,1,10,2015,5181.554,5173.669,5710.850285714286,4956.018,5531.600666666666,3987.9,4557.016281818182,7149.915,5229.799846153846,3.0,14.2,5749.007,5321.380411764706
1796187,2015-10-07,7,Produce,7827.925,208,47.86,0.0,0.0,0.0,0.0,1.0,0.0,0.0,0.0,0.0,0.0,0.0,7,2,10,2015,5661.756,8248.723,5702.7119999999995,5700.326,5304.9980000000005,3711.546,4572.502372727273,5604.546,5345.944230769231,1.0,13.933333333333334,5115.111,5466.914529411764
1797969,2015-10-08,7,Produce,4993.484,1,49.46,0.0,0.0,0.0,0.0,0.0,0.0,0.0,0.0,0.0,0.0,0.0,8,3,10,2015,5092.0,5130.178,5705.983285714286,3899.554,5388.569222222222,2973.711,4604.859827272727,5720.022,5230.983307692308,20.0,14.2,6525.29,5386.815411764706
1799751,2015-10-09,7,Produce,4764.162,1,49.67,0.0,0.0,0.0,0.0,0.0,1.0,0.0,0.0,0.0,0.0,0.0,9,4,10,2015,8045.915,5139.536,5695.822428571429,7549.929,5405.881111111111,3912.3071,4625.917463636364,4555.023,5208.118076923077,40.0,15.733333333333333,4224.049,5370.487117647059
1801533,2015-10-10,7,Produce,4420.602,0,48.81,0.0,0.0,0.0,0.0,0.0,0.0,0.0,0.0,0.0,0.0,0.0,10,5,10,2015,4601.304,5335.341,5684.155428571428,4713.912,5427.439888888889,5228.675,4501.30219090909,4628.379,5192.132846153846,28.0,15.666666666666666,4043.909,5116.053529411765
1803315,2015-10-11,7,Produce,4581.465,1,47.95,0.0,0.0,0.0,0.0,0.0,0.0,0.0,0.0,0.0,0.0,0.0,11,6,10,2015,5346.506,5181.554,5655.182857142857,5743.374,5451.623333333333,6486.044,4577.449645454545,5303.056,5065.443461538462,0.0,14.266666666666667,3749.7,5106.615941176471
1805097,2015-10-12,7,Produce,6164.542,1,47.09,0.0,0.0,0.0,0.0,0.0,0.0,0.0,0.0,0.0,0.0,0.0,12,0,10,2015,4744.062,5661.756,5579.629428571429,5392.309,5734.778555555556,4598.638,4622.940918181818,4968.491,5201.305923076923,2.0,14.2,4200.065,5143.428
1806879,2015-10-13,7,Produce,4839.07,1,46.7,0.0,0.0,0.0,0.0,0.0,0.0,0.0,0.0,0.0,0.0,0.0,13,1,10,2015,5768.413,5092.0,5609.196571428572,5158.655,5871.5145555555555,5406.882,4812.344281818181,6422.814,4994.452538461539,0.0,14.2,5883.34,5123.261058823529
1808661,2015-10-14,7,Produce,7119.785,199,46.63,0.0,0.0,0.0,0.0,0.0,0.0,0.0,0.0,0.0,0.0,0.0,14,2,10,2015,6236.402,8045.915,5524.728142857143,5732.882,5603.693111111111,5226.608,4917.367645454546,4344.941,5048.556307692308,2.0,14.133333333333333,5511.305,5216.925411764706
1810443,2015-10-15,7,Produce,5198.825,1,46.38,0.0,0.0,0.0,0.0,0.0,0.0,0.0,0.0,0.0,0.0,0.0,15,3,10,2015,5405.217,4601.304,5608.565142857144,5173.669,5672.740777777778,4109.201,4994.509363636364,5043.174,4936.695076923077,19.0,15.333333333333334,7699.83,5118.811352941176
1812225,2015-10-16,7,Produce,5321.15,1,47.3,0.0,0.0,0.0,0.0,0.0,0.0,0.0,0.0,0.0,0.0,0.0,16,4,10,2015,8359.439,5346.506,5690.657428571429,8248.723,5610.316333333332,4710.434,4956.646363636363,4046.375,4945.809153846154,51.0,16.533333333333335,4538.328,5068.261411764706
1814007,2015-10-17,7,Produce,4586.496,0,46.836666666666666,0.0,0.0,0.0,0.0,0.0,0.0,0.0,0.0,0.0,0.0,0.0,17,5,10,2015,5796.036,4744.062,5735.402714285715,5130.178,5640.254888888889,4488.304,4752.476,4603.359,4920.013615384616,37.0,15.533333333333333,4874.139,4950.136058823529
1815789,2015-10-18,7,Produce,5622.896,1,46.37333333333333,0.0,0.0,0.0,0.0,0.0,0.0,0.0,0.0,0.0,0.0,0.0,18,6,10,2015,5993.366,5768.413,5780.191857142857,5139.536,5632.848777777777,5794.983,4849.312272727272,5226.882,4838.501615384615,5.0,13.733333333333333,4178.761,4962.395882352941
1817571,2015-10-19,7,Produce,6376.837,1,45.91,0.0,0.0,0.0,0.0,0.0,0.0,0.0,0.0,0.0,0.0,0.0,19,0,10,2015,5707.29,6236.402,5950.867857142856,5335.341,5889.852444444445,4128.968,4781.603636363637,4460.821,4882.015153846154,0.0,14.0,4567.044,5051.781823529412
1819353,2015-10-20,7,Produce,5232.9272,0,45.84,0.0,0.0,0.0,0.0,0.0,0.0,0.0,0.0,0.0,0.0,0.0,20,1,10,2015,5574.399,5405.217,6043.276428571428,5181.554,5826.256333333334,4760.866,4965.683,6307.895,4728.102,5.0,14.533333333333333,5852.062,5108.216470588235
1821135,2015-10-21,7,Produce,7704.931,205,45.22,0.0,0.0,0.0,0.0,0.0,0.0,0.0,0.0,0.0,0.0,0.0,21,2,10,2015,6425.103,8359.439,6180.880428571429,5661.756,5503.7877777777785,4812.182,5000.172272727273,4265.826,4859.9310000000005,2.0,17.4,4916.417,5245.418352941176
1822917,2015-10-22,7,Produce,4795.971,0,44.9,0.0,0.0,0.0,0.0,0.0,0.0,0.0,0.0,0.0,0.0,0.0,22,3,10,2015,5200.245,5796.036,6153.164142857143,5092.0,5460.886,4240.17,5040.7663,4673.506,4754.653769230769,19.0,21.666666666666668,7059.375,5126.860588235294
1824699,2015-10-23,7,Produce,5799.601,0,43.91,0.0,0.0,0.0,0.0,0.0,0.0,0.0,0.0,0.0,0.0,0.0,23,4,10,2015,7827.925,5993.366,6180.1214285714295,8045.915,5530.761222222222,5663.837,5069.525845454546,4293.037,4810.210769230769,38.0,23.6,4081.068,5059.566411764707
1826481,2015-10-24,7,Produce,4547.002,0,43.669999999999995,0.0,0.0,0.0,0.0,0.0,0.0,0.0,0.0,0.0,0.0,0.0,24,5,10,2015,4993.484,5707.29,6150.839714285714,4601.304,5630.87911111111,4662.087,5010.879209090909,4243.4,4782.276153846155,25.0,21.733333333333334,4255.762,4864.509941176471
1828263,2015-10-25,7,Produce,5346.591,0,43.43,0.0,0.0,0.0,0.0,0.0,0.0,0.0,0.0,0.0,0.0,0.0,25,6,10,2015,4764.162,5574.399,6074.909142857143,5346.506,5655.730555555555,7251.481,5142.6053,5534.167,4720.846076923077,1.0,19.333333333333332,4517.159,4806.736058823529
1830045,2015-10-26,7,Produce,5748.702,0,43.19,0.0,0.0,0.0,0.0,0.0,0.0,0.0,0.0,0.0,0.0,0.0,26,0,10,2015,4420.602,6425.103,5960.258857142857,4744.062,5955.473111111111,4488.583,5307.5400272727275,4421.943,4766.240615384616,4.0,19.2,4432.466,4820.774058823529
1831827,2015-10-27,7,Produce,4587.217,0,43.21,0.0,0.0,0.0,0.0,0.0,0.0,0.0,0.0,0.0,0.0,0.0,27,1,10,2015,4581.465,5200.245,5784.658285714286,5768.413,6033.699333333334,5156.9683,5577.596027272727,6058.718,4665.246692307692,10.0,19.466666666666665,5563.47,4926.276176470588
1833609,2015-10-28,7,Produce,6758.8853,207,45.93,0.0,0.0,0.0,0.0,0.0,0.0,0.0,0.0,0.0,0.0,0.0,28,2,10,2015,6164.542,7827.925,5600.845714285714,6236.402,5805.638333333333,4804.659,5613.959481818182,3674.57,4758.642307692307,43.0,19.866666666666667,4709.089,5162.301647058824
1835391,2015-10-29,7,Produce,4252.055,0,46.02,0.0,0.0,0.0,0.0,0.0,0.0,0.0,0.0,0.0,0.0,0.0,29,3,10,2015,4839.07,4993.484,5458.9980000000005,5405.217,5928.525666666666,5149.87,5553.8695727272725,4768.616,4697.050461538462,66.0,21.4,6532.497,5102.945352941177
1837173,2015-10-30,7,Produce,4997.222,0,46.6,0.0,0.0,0.0,0.0,0.0,0.0,0.0,0.0,0.0,0.0,0.0,30,4,10,2015,7119.785,4764.162,5421.775000000001,8359.439,5953.84711111111,5577.955,5633.5755727272735,4240.209,4673.5783846153845,48.0,26.2,3867.858,5097.169705882354
1838955,2015-10-31,7,Produce,4283.009,0,46.44,0.0,0.0,0.0,0.0,0.0,0.0,0.0,0.0,0.0,0.0,0.0,31,5,10,2015,5198.825,4420.602,5370.178571428572,5796.036,6140.629444444445,6575.148,5424.897118181819,4428.291,4632.666538461538,23.0,28.8,4367.304,4961.77705882353
1840737,2015-11-01,7,Produce,3694.179,0,46.28,0.0,0.0,0.0,0.0,0.0,0.0,0.0,0.0,0.0,0.0,0.0,1,6,11,2015,5321.15,4581.465,5269.015714285714,5993.366,6077.499666666667,7782.798,5535.055572727273,5050.95,4435.708384615385,1.0,27.266666666666666,4383.87,5018.597117647059
1842519,2015-11-02,7,Produce,3981.184,0,46.12,0.0,0.0,0.0,0.0,0.0,1.0,0.0,0.0,0.0,0.0,0.0,2,0,11,2015,4586.496,6164.542,5298.350142857143,5707.29,6254.335555555556,4640.168,5420.745181818181,4994.974,4396.505623076922,3.0,27.4,3556.172,5091.789235294118
1844301,2015-11-03,7,Produce,5435.702,0,47.88,0.0,0.0,0.0,0.0,0.0,1.0,0.0,0.0,0.0,0.0,0.0,3,1,11,2015,5622.896,4839.07,5377.919857142857,5574.399,6208.587444444444,5002.848,5670.315181818182,5479.969,4332.656161538462,4.0,27.333333333333332,5112.785,5132.313647058824
1846083,2015-11-04,7,Produce,9701.518,205,46.32,0.0,0.0,0.0,0.0,0.0,0.0,0.0,0.0,0.0,0.0,0.0,4,2,11,2015,6376.837,7119.785,5401.619,6425.103,5809.112222222222,5538.853,5630.682636363636,3872.812,4548.923392307692,11.0,27.666666666666668,5972.297,5312.952588235295
1847865,2015-11-05,7,Produce,5740.2,0,45.27,0.0,0.0,0.0,0.0,0.0,0.0,0.0,0.0,0.0,0.0,0.0,5,3,11,2015,5232.9272,5198.825,5550.394857142857,5200.245,5656.286222222222,4956.018,5645.720727272727,3987.9,4535.848161538462,25.0,25.6,8579.477,5232.689764705882
1849647,2015-11-06,7,Produce,5691.331,0,44.32,0.0,0.0,0.0,0.0,0.0,0.0,1.0,0.0,0.0,0.0,0.0,6,4,11,2015,7704.931,5321.15,5580.722714285715,7827.925,5499.408333333334,5700.326,5538.189909090909,3711.546,4625.592238461539,91.0,23.933333333333334,4843.005,5247.830176470588
1851429,2015-11-07,7,Produce,4863.354,0,44.17,0.0,0.0,0.0,0.0,0.0,0.0,1.0,0.0,0.0,0.0,0.0,7,5,11,2015,4795.971,4586.496,5636.988028571429,4993.484,5550.2141111111105,3899.554,5299.631454545455,2973.711,4687.001238461538,77.0,22.066666666666666,4818.231,5128.765941176471
1853211,2015-11-08,7,Produce,5926.952,0,44.019999999999996,0.0,0.0,0.0,0.0,0.0,0.0,0.0,0.0,0.0,0.0,0.0,8,6,11,2015,5799.601,5622.896,5720.580314285714,4764.162,5468.510888888889,7549.929,5398.9690909090905,3912.3071,4614.559007692307,2.0,20.8,4757.7,5229.724941176471
1854993,2015-11-09,7,Produce,5889.05,0,43.87,0.0,0.0,0.0,0.0,0.0,0.0,0.0,0.0,0.0,0.0,0.0,9,0,11,2015,4547.002,6376.837,5663.029742857143,4420.602,5545.697777777777,4713.912,5414.498272727273,5228.675,4592.671315384616,3.0,20.933333333333334,5047.009,5316.798411764706
1856775,2015-11-10,7,Produce,5127.222,0,44.23,0.0,0.0,0.0,0.0,1.0,0.0,0.0,0.0,0.0,0.0,0.0,10,1,11,2015,5346.591,5232.9272,5731.379885714286,4581.465,5545.54,5743.374,5660.850090909091,6486.044,4516.389392307692,3.0,21.133333333333333,5500.028,5368.529411764706
1858557,2015-11-11,7,Produce,7973.7803,210,42.95,0.0,0.0,0.0,0.0,1.0,0.0,0.0,0.0,0.0,0.0,0.0,11,2,11,2015,5748.702,7704.931,5725.737885714286,6164.542,5267.009444444444,5392.309,5676.682818181818,4598.638,4664.2487,15.0,21.6,5206.074,5566.2498235294115
1860339,2015-11-12,7,Produce,4233.944,0,41.74,0.0,0.0,0.0,0.0,1.0,0.0,0.0,0.0,0.0,0.0,0.0,12,3,11,2015,4587.217,4795.971,5686.265742857143,4839.07,5221.788555555556,5158.655,5625.701909090909,5406.882,4675.100084615385,12.0,22.0,7503.328,5508.168529411765
1862121,2015-11-13,7,Produce,5387.449,0,40.69,0.0,0.0,0.0,0.0,0.0,0.0,0.0,0.0,0.0,0.0,0.0,13,4,11,2015,6758.8853,5799.601,5596.532171428572,7119.785,5317.203444444444,5732.882,5756.228,5226.608,4755.817007692307,41.0,23.466666666666665,4199.002,5418.824941176471
1863903,2015-11-14,7,Produce,4911.815,1,41.019999999999996,0.0,0.0,0.0,0.0,0.0,0.0,0.0,0.0,0.0,0.0,0.0,14,5,11,2015,4252.055,4547.002,5504.287857142857,5198.825,5534.562888888889,5173.669,5540.921181818182,4109.201,4897.237853846154,20.0,19.733333333333334,4966.476,5180.309117647059
1865685,2015-11-15,7,Produce,5562.529,0,41.35,0.0,0.0,0.0,0.0,0.0,0.0,0.0,0.0,0.0,0.0,0.0,15,6,11,2015,4997.222,5346.591,5369.138471428571,5321.15,5606.947577777777,8248.723,5627.088818181818,4710.434,4922.458076923077,4.0,14.933333333333334,4508.405,5183.209294117646
1867467,2015-11-16,7,Produce,6630.029,0,41.68,0.0,0.0,0.0,0.0,0.0,0.0,0.0,0.0,0.0,0.0,0.0,16,0,11,2015,4283.009,5748.702,5291.436185714286,4586.496,5778.101911111112,5130.178,5567.873,4488.304,4955.932076923077,3.0,14.866666666666667,5584.161,5239.118882352941
1869249,2015-11-17,7,Produce,5776.38,0,40.73,0.0,0.0,0.0,0.0,0.0,0.0,0.0,0.0,0.0,0.0,0.0,17,1,11,2015,3694.179,4587.217,5176.810614285714,5622.896,5773.313133333333,5139.536,5809.109909090908,5794.983,4815.627692307692,6.0,14.733333333333333,5847.553,5234.982764705882
1871031,2015-11-18,7,Produce,7993.518,212,40.75,0.0,0.0,0.0,0.0,0.0,0.0,0.0,0.0,0.0,0.0,0.0,18,2,11,2015,3981.184,6758.8853,5139.097328571429,6376.837,5626.626022222223,5335.341,5758.4416363636365,4128.968,5019.692538461538,11.0,14.8,5263.297,5333.4976470588235
1872813,2015-11-19,7,Produce,5155.498,1,40.55,0.0,0.0,0.0,0.0,0.0,0.0,0.0,0.0,0.0,0.0,0.0,19,3,11,2015,5435.702,4252.055,4903.038471428571,5232.9272,5554.2012444444445,5181.554,5723.316545454546,4760.866,4949.054153846154,17.0,14.266666666666667,6917.419,5261.409647058824
1874595,2015-11-20,7,Produce,5363.003,0,39.39,0.0,0.0,0.0,0.0,0.0,0.0,0.0,0.0,0.0,0.0,0.0,20,4,11,2015,9701.518,4997.222,4650.5359,7704.931,5557.028022222223,5661.756,5684.261363636364,4812.182,4943.697253846154,47.0,16.466666666666665,4125.403,5227.962882352941
1876377,2015-11-21,7,Produce,4826.076,0,39.35,0.0,0.0,0.0,0.0,0.0,0.0,0.0,0.0,0.0,0.0,0.0,21,5,11,2015,5740.2,4283.009,4771.7480428571425,4795.971,5686.162022222223,5092.0,5458.778636363637,4240.17,4997.194023076923,35.0,16.066666666666666,4453.456,5059.432647058823
1878159,2015-11-22,7,Produce,5728.036,0,39.31,0.0,0.0,0.0,0.0,0.0,0.0,0.0,0.0,0.0,0.0,0.0,22,6,11,2015,5691.331,3694.179,5192.124142857144,5799.601,5571.086577777777,8045.915,5559.344454545455,5663.837,5030.996792307692,5.0,428.64098,4524.708,5114.65505882353
1879941,2015-11-23,7,Produce,6372.229,0,39.27,0.0,0.0,0.0,0.0,0.0,0.0,0.0,0.0,0.0,0.0,0.0,23,0,11,2015,4863.354,3981.184,5404.716285714286,4547.002,5613.536388888889,4601.304,5583.4972727272725,4662.087,5114.8161,1.0,797.6730466666667,4892.308,5174.061588235294
1881723,2015-11-24,7,Produce,5734.507,1,40.89,0.0,0.0,0.0,0.0,0.0,0.0,0.0,0.0,0.0,0.0,0.0,24,1,11,2015,5926.952,5435.702,5503.874714285715,5346.591,5504.550588888889,5346.506,5858.415272727273,7251.481,5174.828792307692,1.0,1320.9557133333333,5768.694,5204.3975294117645
1883505,2015-11-25,7,Produce,8974.476,216,41.22,0.0,0.0,0.0,0.0,0.0,0.0,0.0,0.0,0.0,0.0,0.0,25,2,11,2015,5889.05,9701.518,5586.781142857143,5748.702,5203.694033333333,4744.062,5914.277272727272,4488.583,5455.892638461539,4.0,1629.3179133333333,4687.386,5298.240941176471
1885287,2015-11-26,7,Produce,5010.457,0,40.894999999999996,0.0,0.0,0.0,0.0,0.0,0.0,0.0,0.0,0.0,0.0,0.0,26,3,11,2015,5127.222,5740.2,5905.748714285714,4587.217,5146.698255555555,5768.413,5944.423636363636,5156.9683,5446.608176923076,7.0,1949.5753133333333,6721.762,5229.400941176471
1887069,2015-11-27,7,Produce,4899.654,0,40.57,0.0,0.0,0.0,1.0,0.0,0.0,0.0,0.0,0.0,0.0,0.0,27,4,11,2015,7973.7803,5691.331,6178.3009999999995,6758.8853,4912.762477777778,6236.402,6000.359090909091,4804.659,5461.274792307692,45.0,2268.08778,4274.532,5194.1226470588235
1888851,2015-11-28,7,Produce,4583.636,0,40.52333333333333,0.0,0.0,0.0,0.0,0.0,0.0,0.0,0.0,0.0,0.0,0.0,28,5,11,2015,4233.944,4863.354,6134.2324285714285,4252.055,4849.89381111111,5405.217,5775.675818181819,5149.87,5561.173484615384,35.0,2625.0828466666667,4637.479,5040.074705882354
1890633,2015-11-29,7,Produce,5815.976,1,40.47666666666667,0.0,0.0,0.0,0.0,0.0,0.0,0.0,0.0,0.0,0.0,0.0,29,6,11,2015,5387.449,5926.952,5887.412757142856,4997.222,4859.795033333333,8359.439,5941.475727272727,5577.955,5506.72586923077,6208.6147,3022.0107799999996,4638.314,5076.216470588235
1892415,2015-11-30,7,Produce,6557.334,1,40.43,0.0,0.0,0.0,1.0,0.0,0.0,0.0,0.0,0.0,0.0,0.0,30,0,11,2015,4911.815,5889.05,5672.2333285714285,4283.009,5298.996811111112,5796.036,5928.179272727272,6575.148,5586.590407692307,5539.481,3358.105113333333,5137.783,5143.611411764706
1894197,2015-12-01,7,Produce,6320.652,0,40.58,0.0,0.0,0.0,0.0,0.0,0.0,0.0,0.0,0.0,0.0,0.0,1,1,12,2015,5562.529,5127.222,5628.8216142857145,3694.179,5427.1060333333335,5993.366,6208.530454545454,7782.798,5328.74986923077,7852.24,3830.164313333333,5976.387,5163.563705882353
1895979,2015-12-02,7,Produce,8465.714,210,39.93,0.0,0.0,0.0,0.0,0.0,0.0,0.0,0.0,0.0,0.0,0.0,2,2,12,2015,6630.029,7973.7803,5635.744614285714,3981.184,5308.488888888889,5707.29,6138.082363636364,4640.168,5564.238023076923,4631.433,4138.028446666666,5024.116,5301.561329411765
1897761,2015-12-03,7,Produce,5001.54,1,41.08,0.0,0.0,0.0,0.0,0.0,0.0,0.0,0.0,0.0,0.0,0.0,3,3,12,2015,5776.38,4233.944,5583.684185714285,5435.702,5376.411,5574.399,6004.242363636364,5002.848,5530.156769230769,4814.861,4472.43498,7179.499,5230.743505882354
1899543,2015-12-04,7,Produce,5862.708,0,40.0,0.0,0.0,0.0,0.0,0.0,0.0,0.0,0.0,0.0,0.0,0.0,4,4,12,2015,7993.518,5387.449,5689.538328571429,9701.518,5479.714333333333,6425.103,5914.731909090909,5538.853,5602.365615384615,4794.687,4775.506313333333,4677.273,5247.5794470588235
1901325,2015-12-05,7,Produce,5044.649,0,39.21333333333333,1.0,0.0,0.0,0.0,0.0,0.0,0.0,0.0,0.0,0.0,0.0,5,5,12,2015,5155.498,4911.815,5782.275185714286,5740.2,5658.163333333334,5200.245,5571.2797272727275,4956.018,5621.014769230769,5401.926,5100.196246666667,4663.566,5112.075917647059
1903107,2015-12-06,7,Produce,5581.27,0,38.42666666666667,0.0,0.0,0.0,0.0,1.0,0.0,0.0,0.0,0.0,0.0,0.0,6,6,12,2015,5363.003,5562.529,5785.094857142858,5691.331,5817.390333333333,7827.925,5604.780272727273,5700.326,5588.760923076922,5988.919,5500.88058,4298.604,5134.674505882353
1904889,2015-12-07,7,Produce,6606.538,0,37.64,0.0,0.0,0.0,0.0,0.0,0.0,0.0,0.0,0.0,0.0,0.0,7,0,12,2015,4826.076,6630.029,5916.745428571428,4863.354,6261.012144444444,4993.484,5499.844272727272,3899.554,5523.971230769231,5046.415,5430.286133333333,4739.813,5172.669564705882
1906671,2015-12-08,7,Produce,5295.684,0,37.46,0.0,0.0,0.0,0.0,1.0,0.0,0.0,0.0,0.0,0.0,0.0,8,1,12,2015,5728.036,5776.38,5913.253142857143,5926.952,6127.483477777778,4764.162,5628.252909090909,7549.929,5323.269,7081.888,5560.2188,5599.17,5168.139976470588
1908453,2015-12-09,7,Produce,8001.116,215,37.16,0.0,0.0,0.0,0.0,0.0,0.0,0.0,0.0,0.0,0.0,0.0,9,2,12,2015,6372.229,7993.518,5901.004714285715,5889.05,5648.1424777777775,4420.602,5594.109818181818,4713.912,5600.850153846153,4618.962,5354.479133333333,4863.897,5240.1038
1910235,2015-12-10,7,Produce,4509.377,0,36.76,0.0,0.0,0.0,0.0,0.0,0.0,0.0,0.0,0.0,0.0,0.0,10,3,12,2015,5734.507,5155.498,5924.648571428572,5127.222,5556.0997,4581.465,5493.750454545454,5743.374,5610.644769230769,5020.098,5378.1106,7238.2676,5118.096447058824
1912017,2015-12-11,7,Produce,5357.527,1,35.65,0.0,0.0,0.0,0.0,0.0,0.0,0.0,0.0,0.0,0.0,0.0,11,4,12,2015,8974.476,5363.003,5887.82,7973.7803,5541.788366666667,6164.542,5437.955090909091,5392.309,5579.928076923077,4553.07,5428.102486666667,4564.791,5089.451270588235
1913799,2015-12-12,7,Produce,5046.515,0,35.87,0.0,0.0,0.0,0.0,0.0,0.0,0.0,0.0,0.0,0.0,0.0,12,5,12,2015,5010.457,4826.076,5881.838142857143,4233.944,5738.085588888889,4839.07,5237.497909090909,5158.655,5609.10676923077,4915.349,5393.779753333334,4973.597,4902.962270588236
1915581,2015-12-13,7,Produce,5562.233,0,36.09,0.0,0.0,0.0,0.0,0.0,0.0,0.0,0.0,0.0,0.0,0.0,13,6,12,2015,4899.654,5728.036,6021.974999999999,5387.449,5721.355366666667,7119.785,5363.257272727273,5732.882,5569.20123076923,6045.265,5410.228686666666,4418.202,4876.055035294117
1917363,2015-12-14,7,Produce,6203.477,0,36.31,0.0,0.0,0.0,0.0,0.0,0.0,0.0,0.0,0.0,0.0,0.0,14,0,12,2015,4583.636,6372.229,6001.254857142857,4911.815,5955.185144444445,5198.825,5405.87229090909,5173.669,5704.75523076923,5149.698,5375.05202,4658.708,4941.722152941176
1919145,2015-12-15,7,Produce,5472.012,0,37.32,0.0,0.0,0.0,0.0,0.0,0.0,0.0,0.0,0.0,0.0,0.0,15,1,12,2015,5815.976,5734.507,5935.062142857142,5562.529,5958.3269222222225,5321.15,5704.4476545454545,8248.723,5515.68376923077,7488.471,5497.495819999999,5283.395,5004.417623529412
1920927,2015-12-16,7,Produce,7544.157,214,35.55,0.0,0.0,0.0,0.0,0.0,0.0,0.0,0.0,0.0,0.0,0.0,16,2,12,2015,6557.334,8974.476,5900.427857142858,6630.029,5668.240555555556,4586.496,5723.9482,5130.178,5771.991692307692,4766.145,5317.212553333334,4561.311,4985.6118588235295
1922709,2015-12-17,7,Produce,5162.38,1,34.98,0.0,0.0,0.0,0.0,0.0,0.0,0.0,0.0,0.0,0.0,0.0,17,3,12,2015,6320.652,5010.457,5912.990714285714,5776.38,5734.032999999999,5622.896,5690.771745454545,5139.536,5684.140153846154,4985.905,5342.718686666666,6361.168,4898.407152941177
1924491,2015-12-18,7,Produce,5307.971,0,34.72,0.0,0.0,0.0,0.0,0.0,0.0,0.0,0.0,0.0,0.0,0.0,18,4,12,2015,8465.714,4899.654,5939.434285714286,7993.518,5771.876,6376.837,5664.220109090909,5335.341,5680.616846153846,5564.7393,5334.87142,3902.262,4779.328970588235
1926273,2015-12-19,7,Produce,4927.642,0,34.663333333333334,0.0,0.0,0.0,0.0,0.0,0.0,0.0,0.0,0.0,0.0,0.0,19,5,12,2015,5001.54,4583.636,6023.169285714286,5155.498,5934.144222222222,5232.9272,5503.020654545455,5181.554,5648.725076923078,4279.846,5363.188953333333,4537.148,4494.555935294118
1928055,2015-12-20,7,Produce,4526.006,1,34.60666666666666,0.0,0.0,0.0,0.0,0.0,0.0,0.0,0.0,0.0,0.0,0.0,20,6,12,2015,5862.708,5815.976,5950.4890000000005,5363.003,5953.252888888888,7704.931,5553.009472727273,5661.756,5651.458230769231,5648.66,5409.983486666666,4009.186,4450.2867
1929837,2015-12-21,7,Produce,5910.675,0,34.55,0.0,1.0,0.0,0.0,0.0,0.0,0.0,0.0,0.0,0.0,0.0,21,0,12,2015,5044.649,6557.334,5949.215142857143,4826.076,6213.746999999999,4795.971,5486.28829090909,5092.0,5733.206923076923,5461.269,5317.847286666667,4219.85,4416.836347058824
1931619,2015-12-22,7,Produce,6165.196,0,36.12,0.0,1.0,0.0,0.0,1.0,0.0,0.0,0.0,0.0,0.0,0.0,22,1,12,2015,5581.27,6320.652,6086.794285714285,5728.036,6128.644444444445,5799.601,5683.778227272727,8045.915,5514.475692307692,6883.072,5510.349819999999,5779.907,4443.462817647059
1933401,2015-12-23,7,Produce,7439.919,207,36.76,0.0,1.0,0.0,0.0,0.0,0.0,0.0,0.0,0.0,0.0,0.0,23,2,12,2015,6606.538,8465.714,6152.653285714286,6372.229,5784.881777777778,4547.002,5559.156318181818,4601.304,5762.880384615385,4377.639,5338.647553333333,5364.427,4170.303523529412
1935183,2015-12-24,7,Produce,5134.644,0,37.62,0.0,1.0,0.0,0.0,0.0,0.0,0.0,0.0,0.0,0.0,0.0,24,3,12,2015,5295.684,5001.54,6119.123857142858,5734.507,5721.341555555556,5346.591,5433.736772727273,5346.506,5813.380384615385,5001.554,5410.200086666667,4420.115,3861.45675882353
1936965,2015-12-26,7,Produce,4568.365,0,36.989999999999995,0.0,1.0,0.0,0.0,0.0,0.0,0.0,0.0,0.0,0.0,0.0,26,5,12,2015,8001.116,5862.708,6126.152999999999,8974.476,5771.671888888889,5748.702,5347.380572727273,4744.062,5863.997692307691,4902.389,5433.834553333333,4116.69,3593.9678764705877
1938747,2015-12-27,7,Produce,3299.207,1,36.675,0.0,0.0,0.0,0.0,0.0,0.0,0.0,0.0,0.0,0.0,0.0,27,6,12,2015,4509.377,5044.649,5979.728999999999,5010.457,5964.033888888889,4587.217,4982.766754545454,5768.413,5904.438923076924,4977.833,5346.464133333333,2839.5679,3220.016817647059
1940529,2015-12-28,7,Produce,4750.653,0,36.36,0.0,0.0,0.0,0.0,0.0,0.0,0.0,0.0,0.0,0.0,0.0,28,0,12,2015,5357.527,5581.27,5913.357857142857,4899.654,6029.880111111112,6758.8853,4908.695209090909,6236.402,5897.719153846153,5617.267,5477.829133333333,2397.126,2990.5896411764706
1942311,2015-12-29,7,Produce,3900.464,0,37.88,0.0,0.0,0.0,0.0,0.0,0.0,0.0,0.0,0.0,0.0,0.0,29,1,12,2015,5046.515,6606.538,5843.048857142857,4583.636,6262.489555555556,4252.055,4875.613481818182,5405.217,6000.265538461537,4663.222,5331.963133333334,3812.214,2723.933876470588
1944093,2015-12-30,7,Produce,6219.86,211,36.59,0.0,0.0,0.0,0.0,0.0,0.0,0.0,0.0,0.0,0.0,0.0,30,2,12,2015,5562.233,5295.684,5770.880142857143,5815.976,6181.048777777778,4997.222,5344.205845454545,8359.439,5781.367846153847,8037.236,5444.539533333334,4404.941,2488.3935235294116
1945875,2015-12-31,7,Produce,5816.815,0,37.13,0.0,1.0,0.0,0.0,0.0,0.0,0.0,0.0,0.0,0.0,0.0,31,3,12,2015,6203.477,8001.116,5771.146714285715,6557.334,5835.296777777778,4283.009,5379.988481818182,5796.036,6029.569461538461,4912.937,5359.304466666667,4870.852,2241.6964647058817
1949439,2016-01-02,7,Produce,5477.005,0,36.97,0.0,0.0,0.0,0.0,0.0,0.0,0.0,0.0,0.0,0.0,0.0,2,5,1,2016,5472.012,4509.377,5768.427142857143,6320.652,5839.095888888889,3694.179,5374.772936363636,5993.366,6002.413923076923,5839.433,5448.796666666666,15.0,1904.1136999999999
1951221,2016-01-03,7,Produce,7006.204,1,36.89,0.0,0.0,0.0,0.0,0.0,0.0,0.0,0.0,0.0,0.0,0.0,3,6,1,2016,7544.157,5357.527,5710.847000000001,8465.714,5914.831000000001,3981.184,5399.8763,5707.29,6003.9600769230765,5340.422,5419.027933333334,33.0,1590.4415235294118
1953003,2016-01-04,7,Produce,9276.148,1,36.81,0.0,0.0,0.0,0.0,0.0,0.0,0.0,0.0,0.0,0.0,0.0,4,0,1,2016,5162.38,5046.515,5736.036714285715,5001.54,6139.5978888888885,5435.702,5324.246,5574.399,5900.282307692308,4254.183,5400.7606,14.0,1330.6700529411764
1954785,2016-01-05,7,Produce,5684.584,0,35.97,0.0,0.0,0.0,0.0,0.0,0.0,0.0,0.0,0.0,0.0,0.0,5,1,1,2016,5307.971,5562.233,5670.756857142857,5862.708,6081.787666666667,9701.518,5473.063727272727,6425.103,5772.979461538461,6250.321,5422.442133333333,4.0,1088.6294647058824
1956567,2016-01-06,7,Produce,8944.951,215,33.97,0.0,0.0,0.0,0.0,0.0,0.0,0.0,0.0,0.0,0.0,0.0,6,2,1,2016,4927.642,6203.477,5764.043,5044.649,6242.207888888889,5740.2,5484.881909090909,5200.245,5831.3890769230775,3460.67,5379.1904,2.0,921.8313529411764
1958349,2016-01-07,7,Produce,6353.452,0,33.29,0.0,0.0,0.0,0.0,0.0,0.0,0.0,0.0,0.0,0.0,0.0,7,3,1,2016,4526.006,5472.012,5756.9635714285705,5581.27,6040.95511111111,5691.331,5820.406572727273,7827.925,5560.591461538463,7149.915,5496.496533333333,4.0,781.0004117647059
1960131,2016-01-08,7,Produce,6539.517,0,33.2,0.0,0.0,0.0,0.0,0.0,0.0,0.0,0.0,0.0,0.0,0.0,8,4,1,2016,5910.675,7544.157,5739.981714285715,6606.538,5695.601,4863.354,5869.4761181818185,4993.484,5662.418307692307,5604.546,5250.343533333334,5.0,557.6348823529412
1961913,2016-01-09,7,Produce,5858.389,0,32.60666666666667,0.0,0.0,0.0,0.0,0.0,0.0,0.0,0.0,0.0,0.0,0.0,9,5,1,2016,6165.196,5162.38,5591.949285714285,5295.684,5700.598222222222,5926.952,5997.31839090909,4764.162,5601.29976923077,5720.022,5259.026,26.0,300.8736470588235
1963695,2016-01-10,7,Produce,6333.069,0,32.013333333333335,0.0,0.0,0.0,0.0,0.0,0.0,0.0,0.0,0.0,0.0,0.0,10,6,1,2016,7439.919,5307.971,5550.120428571428,8001.116,5667.212111111111,5889.05,5949.6923,4420.602,5571.596692307692,4555.023,5139.4888,41.0,15.941176470588236
1965477,2016-01-11,7,Produce,6938.992,0,31.42,0.0,0.0,0.0,0.0,0.0,0.0,0.0,0.0,0.0,0.0,0.0,11,0,1,2016,5134.644,4927.642,5649.146714285715,4509.377,5795.970777777778,5127.222,5573.420572727272,4581.465,5495.604153846154,4628.379,5090.351266666667,32.0,15.058823529411764
1967259,2016-01-12,7,Produce,5556.736,0,30.42,0.0,0.0,0.0,0.0,0.0,0.0,0.0,0.0,0.0,0.0,0.0,12,1,1,2016,4568.365,4526.006,5634.255571428571,5357.527,5783.831,7973.7803,5654.314118181818,6164.542,5433.895923076923,5303.056,5155.197866666666,4.0,13.352941176470589
1969041,2016-01-13,7,Produce,7220.509,216,30.42,0.0,0.0,0.0,0.0,0.0,0.0,0.0,0.0,0.0,0.0,0.0,13,2,1,2016,3299.207,5910.675,5630.293285714286,5046.515,5888.01088888889,4233.944,5662.045845454545,4839.07,5524.403,4968.491,5035.897866666667,2.0,12.823529411764707
1970823,2016-01-14,7,Produce,5544.255,0,31.22,0.0,0.0,0.0,0.0,0.0,0.0,0.0,0.0,0.0,0.0,0.0,14,3,1,2016,4750.653,6165.196,5524.635285714286,5562.233,5873.199333333334,5387.449,5946.60620909091,7119.785,5324.787784615385,6422.814,5225.712866666667,4.0,12.823529411764707
1972605,2016-01-15,7,Produce,5893.684,0,29.45,0.0,0.0,0.0,0.0,0.0,0.0,0.0,0.0,0.0,0.0,0.0,15,4,1,2016,3900.464,7439.919,5292.001714285715,6203.477,5573.961,4911.815,5876.474027272728,5198.825,5533.360630769231,4344.941,5033.4402666666665,3.0,13.294117647058824
1974387,2016-01-16,7,Produce,5748.521,1,29.205,0.0,0.0,0.0,0.0,0.0,0.0,0.0,0.0,0.0,0.0,0.0,16,5,1,2016,6219.86,5134.644,5324.094142857143,5472.012,5620.434888888889,5562.529,5828.651572727273,5321.15,5535.807476923078,5043.174,4971.370933333334,15.0,15.235294117647058
1976169,2016-01-17,7,Produce,6251.252,0,28.96,0.0,0.0,0.0,0.0,0.0,0.0,0.0,0.0,0.0,0.0,0.0,17,6,1,2016,5816.815,4568.365,5036.921142857143,7544.157,5528.0436666666665,6630.029,5801.274663636364,4586.496,5641.884323076923,4046.375,4876.2386,40.0,16.647058823529413
1977951,2016-01-18,7,Produce,7328.442,0,28.715,0.0,0.0,0.0,0.0,0.0,0.0,0.0,0.0,0.0,0.0,0.0,18,0,1,2016,5477.005,3299.207,5044.730285714286,5162.38,5624.0614444444445,5776.38,5597.116090909091,5622.896,5639.233323076923,4603.359,4855.463733333333,27.0,15.352941176470589
1979733,2016-01-19,7,Produce,5614.165,1,28.47,0.0,0.0,0.0,0.0,0.0,0.0,0.0,0.0,0.0,0.0,0.0,19,1,1,2016,7006.204,4750.653,4812.858285714286,5307.971,5691.057333333334,7993.518,5791.505636363636,6376.837,5576.314015384614,5226.882,4915.8496,0.0,13.0
1981515,2016-01-20,7,Produce,9053.035,220,26.68,0.0,0.0,0.0,0.0,0.0,0.0,0.0,0.0,0.0,0.0,0.0,20,2,1,2016,9276.148,3900.464,4861.767,4927.642,5828.439777777778,5155.498,5823.056363636363,5232.9272,5646.285707692308,4460.821,4857.108733333333,4.0,11.235294117647058
1983297,2016-01-21,7,Produce,4881.198,0,29.55,0.0,0.0,0.0,0.0,0.0,0.0,0.0,0.0,0.0,0.0,0.0,21,3,1,2016,5684.584,6219.86,5210.029714285714,4526.006,5790.954444444444,5363.003,6192.389181818182,7704.931,5451.472784615385,6307.895,4929.790533333334,5.0,11.176470588235293
1985079,2016-01-22,7,Produce,5973.436,0,32.07,0.0,0.0,0.0,0.0,0.0,0.0,0.0,0.0,0.0,0.0,0.0,22,4,1,2016,8944.951,5816.815,6063.878428571428,5910.675,5460.310888888888,4826.076,6142.200818181818,4795.971,5571.4774230769235,4265.826,4746.5742666666665,4.0,11.647058823529411
1986861,2016-01-23,7,Produce,5775.691,0,31.483333333333334,0.0,0.0,0.0,0.0,0.0,0.0,0.0,0.0,0.0,0.0,0.0,23,5,1,2016,6353.452,5477.005,6197.297142857143,6165.196,5253.291666666667,5728.036,5984.894,5799.601,5489.239346153847,4673.506,4774.819266666667,10.0,12.882352941176471
1988643,2016-01-24,7,Produce,6150.897,0,30.896666666666665,0.0,0.0,0.0,0.0,0.0,0.0,0.0,0.0,0.0,0.0,0.0,24,6,1,2016,6539.517,7006.204,6917.938142857142,7439.919,5191.367444444444,6372.229,5876.4627272727275,4547.002,5520.8336538461535,4293.037,4721.2882666666665,37.0,14.176470588235293
1990425,2016-01-25,7,Produce,6739.278,0,30.31,0.0,0.0,0.0,0.0,0.0,0.0,0.0,0.0,0.0,0.0,0.0,25,0,1,2016,5858.389,9276.148,6937.022714285714,5134.644,5077.236555555555,5734.507,5678.504363636363,5346.591,5417.765423076924,4243.4,4746.749333333334,29.0,13.411764705882353
1992207,2016-01-26,7,Produce,6076.941,0,29.54,0.0,0.0,0.0,0.0,0.0,0.0,0.0,0.0,0.0,0.0,0.0,26,1,1,2016,6333.069,5684.584,7040.2658571428565,4568.365,5265.442555555555,8974.476,5805.9439999999995,5748.702,5211.407115384615,5534.167,4776.588733333334,4.0,11.176470588235293
1993989,2016-01-27,7,Produce,8027.166,217,32.32,0.0,0.0,0.0,0.0,0.0,0.0,0.0,0.0,0.0,0.0,0.0,27,2,1,2016,6938.992,8944.951,7094.749285714285,3299.207,5255.013666666667,5010.457,5893.003000000001,4587.217,5115.119176923077,4421.943,4761.128200000001,1.0,9.647058823529411
1995771,2016-01-28,7,Produce,4922.25,0,33.21,0.0,0.0,0.0,0.0,0.0,0.0,0.0,0.0,0.0,0.0,0.0,28,3,1,2016,5556.736,6353.452,6998.587142857143,4750.653,5178.547999999999,4899.654,6223.879181818182,6758.8853,4940.5631,6058.718,4829.0714,2.0,10.117647058823529
1997553,2016-01-29,7,Produce,5511.874,0,33.66,0.0,0.0,0.0,0.0,0.0,0.0,0.0,0.0,0.0,0.0,0.0,29,4,1,2016,7220.509,6539.517,6664.707714285714,3900.464,5130.357444444445,4583.636,6157.834090909091,4252.055,5317.9128692307695,3674.57,4666.732533333334,3.0,11.0
1999335,2016-01-30,7,Produce,5587.852,0,32.98,0.0,0.0,0.0,0.0,0.0,0.0,0.0,0.0,0.0,0.0,0.0,30,5,1,2016,5544.255,5858.389,6646.443714285714,6219.86,5590.524555555556,5815.976,6111.513999999999,4997.222,5313.3435615384615,4768.616,4648.204133333334,10.0,13.0
2001117,2016-01-31,7,Produce,5515.2397,0,32.3,0.0,0.0,0.0,0.0,0.0,0.0,0.0,0.0,0.0,0.0,0.0,31,6,1,2016,5893.684,6333.069,6400.094857142857,5816.815,5714.5488888888885,6557.334,6048.799636363637,4283.009,5401.368869230769,4240.209,4584.073466666667,25.0,13.823529411764707
2002899,2016-02-01,7,Produce,6457.746,0,31.62,0.0,0.0,0.0,0.0,0.0,0.0,0.0,0.0,0.0,0.0,0.0,1,0,2,2016,5748.521,6938.992,6284.495285714285,5477.005,6341.853777777778,6320.652,5740.326363636364,3694.179,5364.196792307693,4428.291,4496.1184,25.0,13.352941176470589
2004681,2016-02-02,7,Produce,5803.23,0,29.9,0.0,0.0,0.0,0.0,0.0,0.0,0.0,0.0,0.0,0.0,0.0,2,1,2,2016,6251.252,5556.736,6192.233428571429,7006.204,6519.942555555555,8465.714,5885.424636363637,3981.184,5377.908330769231,5050.95,4474.04554,2.0,11.411764705882353
2006463,2016-02-03,7,Produce,7877.397,210,32.29,0.0,0.0,0.0,0.0,0.0,0.0,0.0,0.0,0.0,0.0,0.0,3,2,2,2016,7328.442,7220.509,6176.538,9276.148,6813.170666666667,5001.54,5921.427363636364,5435.702,5478.049330769231,4994.974,4453.679406666666,2.0,9.882352941176471
2008245,2016-02-04,7,Produce,4653.288,0,31.63,0.0,0.0,0.0,0.0,0.0,0.0,0.0,0.0,0.0,0.0,0.0,4,3,2,2016,5614.165,5544.255,6164.849857142857,5684.584,6773.0072222222225,5862.708,6232.1073636363635,9701.518,5352.536769230769,5479.969,4591.286139999999,1.0,10.294117647058824
2010027,2016-02-05,7,Produce,5554.205,0,30.86,0.0,0.0,0.0,0.0,0.0,0.0,0.0,0.0,0.0,0.0,0.0,5,4,2,2016,9053.035,5893.684,6220.485571428572,8944.951,6830.368777777778,5044.649,6113.325636363637,5740.2,5638.823330769232,3872.812,4493.947473333334,8.0,11.352941176470589
2011809,2016-02-06,7,Produce,4717.458,0,30.476666666666667,0.0,0.0,0.0,0.0,0.0,0.0,0.0,0.0,0.0,0.0,0.0,6,5,2,2016,4881.198,5748.521,6228.689714285714,6353.452,6992.811777777778,5581.27,6004.252272727273,5691.331,5580.109638461538,3987.9,4609.43494,19.0,13.529411764705882
2013591,2016-02-07,7,Produce,3753.4219,0,30.093333333333334,0.0,0.0,0.0,0.0,0.0,0.0,0.0,0.0,0.0,0.0,0.0,7,6,2,2016,5973.436,6251.252,6490.4791428571425,6539.517,6831.759777777777,6606.538,5888.421636363636,4863.354,5665.066561538462,3711.546,4639.967740000001,39.0,14.470588235294118
2015373,2016-02-08,7,Produce,4170.248,0,29.71,0.0,0.0,0.0,0.0,0.0,1.0,0.0,0.0,0.0,0.0,0.0,8,0,2,2016,5775.691,7328.442,6395.756714285715,5858.389,6603.355444444445,5295.684,5624.468818181818,5926.952,5758.73086923077,2973.711,4631.233873333334,18.0,16.470588235294116
2017155,2016-02-09,7,Produce,5056.388,0,27.96,0.0,0.0,0.0,0.0,0.0,1.0,0.0,0.0,0.0,0.0,0.0,9,1,2,2016,6150.897,5614.165,6407.149857142857,6333.069,6587.763333333333,8001.116,5733.735818181818,5889.05,5880.372792307693,3912.3071,4650.043406666667,2.0,16.647058823529413
2018937,2016-02-10,7,Produce,8615.997,211,27.54,0.0,0.0,0.0,0.0,0.0,0.0,0.0,0.0,0.0,0.0,0.0,10,2,2,2016,6739.278,9053.035,6411.031285714285,6938.992,6248.733666666667,4509.377,5698.218,5127.222,5972.2441,5228.675,4612.533673333333,4.0,15.235294117647058
2020719,2016-02-11,7,Produce,5634.95,0,26.19,0.0,0.0,0.0,0.0,0.0,0.0,0.0,0.0,0.0,0.0,0.0,11,3,2,2016,6076.941,4881.198,6396.6948571428575,5556.736,6181.519111111112,5357.527,5925.446,7973.7803,5670.310407692308,6486.044,4665.867606666667,3.0,15.411764705882353
2022501,2016-02-12,7,Produce,5966.137,0,29.32,0.0,0.0,0.0,0.0,0.0,0.0,0.0,0.0,0.0,0.0,0.0,12,4,2,2016,8027.166,5973.436,6312.528571428571,7220.509,6149.489666666667,5046.515,5887.36509090909,4233.944,5843.642561538461,4598.638,4575.800873333333,11.0,16.058823529411764
2024283,2016-02-13,7,Produce,5552.458,0,29.2525,0.0,0.0,0.0,0.0,0.0,0.0,0.0,0.0,0.0,0.0,0.0,13,5,2,2016,4922.25,5775.691,6378.639428571428,5544.255,6312.828888888889,5562.233,5769.313545454546,5387.449,5802.424638461539,5406.882,4635.004473333333,19.0,17.235294117647058
2026065,2016-02-14,7,Produce,5319.582,0,29.185000000000002,0.0,0.0,0.0,0.0,0.0,0.0,0.0,0.0,0.0,0.0,0.0,14,6,2,2016,5511.874,6150.897,6232.086714285715,5893.684,6232.950666666667,6203.477,5735.855181818182,4911.815,5840.859176923076,5226.608,4689.9566066666675,39.0,18.529411764705884
2027847,2016-02-15,7,Produce,7218.224,0,29.1175,0.0,0.0,0.0,0.0,0.0,0.0,0.0,0.0,0.0,0.0,0.0,15,0,2,2016,5587.852,6739.278,6237.951285714285,5748.521,6467.844333333333,5472.012,5419.936090909091,5562.529,5756.176407692308,4109.201,4725.198206666667,19.0,17.470588235294116
2029629,2016-02-16,7,Produce,5812.958,0,29.05,0.0,0.0,0.0,0.0,0.0,0.0,0.0,0.0,0.0,0.0,0.0,16,1,2,2016,5515.2397,6076.941,6172.013857142857,6251.252,6392.784555555556,7544.157,5547.326818181818,6630.029,5743.790715384615,4710.434,4904.53994,44.0,15.411764705882353
2031411,2016-02-17,7,Produce,8542.732,203,30.68,0.0,0.0,0.0,0.0,0.0,0.0,0.0,0.0,0.0,0.0,0.0,17,2,2,2016,6457.746,8027.166,6145.179714285715,7328.442,6254.220888888889,5162.38,5620.751272727272,5776.38,5839.560484615384,4488.304,4954.5252666666665,28.0,14.352941176470589
2033193,2016-02-18,7,Produce,5349.304,0,30.77,0.0,0.0,0.0,0.0,0.0,0.0,0.0,0.0,0.0,0.0,0.0,18,3,2,2016,5803.23,4922.25,6054.371528571428,5614.165,6279.936,5307.971,5838.3334545454545,7993.518,5667.308692307692,5794.983,5089.379,1.0,14.647058823529411
2034975,2016-02-19,7,Produce,5796.983,0,29.59,0.0,0.0,0.0,0.0,0.0,0.0,0.0,0.0,0.0,0.0,0.0,19,4,2,2016,7877.397,5511.874,6014.152671428572,9053.035,6308.515222222221,4927.642,5799.461727272727,5155.498,6031.965000000001,4128.968,4956.214933333334,5.0,15.764705882352942
2036757,2016-02-20,7,Produce,5816.506,0,30.183333333333334,0.0,0.0,0.0,0.0,0.0,0.0,0.0,0.0,0.0,0.0,0.0,20,5,2,2016,4653.288,5587.852,5975.0511,4881.198,6418.599333333334,4526.006,5650.815181818182,5363.003,6002.965615384615,4760.866,4993.436953333334,13.0,16.823529411764707
2038539,2016-02-21,7,Produce,6279.88,0,30.776666666666667,0.0,0.0,0.0,0.0,0.0,0.0,0.0,0.0,0.0,0.0,0.0,21,6,2,2016,5554.205,5515.2397,5953.655528571428,5973.436,6399.231444444445,5910.675,5453.287454545454,4826.076,6002.030153846154,4812.182,4953.288753333333,21.0,17.294117647058822
2040321,2016-02-22,7,Produce,6330.018,0,31.37,0.0,0.0,0.0,0.0,0.0,0.0,0.0,0.0,0.0,0.0,0.0,22,0,2,2016,4717.458,6457.746,5915.232385714285,5775.691,6476.867444444444,6165.196,5199.332545454545,5728.036,5926.730692307692,4240.17,4948.172886666666,30.0,16.235294117647058
2042103,2016-02-23,7,Produce,5212.624,0,31.84,0.0,0.0,0.0,0.0,0.0,0.0,0.0,0.0,0.0,0.0,0.0,23,1,2,2016,3753.4219,5803.23,5921.279671428571,6150.897,6399.988,7439.919,5084.612909090909,6372.229,5864.111230769232,5663.837,5046.08982,1.0,14.176470588235293
2043885,2016-02-24,7,Produce,8199.072,212,30.35,0.0,0.0,0.0,0.0,0.0,0.0,0.0,0.0,0.0,0.0,0.0,24,2,2,2016,4170.248,7877.397,5796.937671428571,6739.278,6006.525666666666,5134.644,5167.511909090908,5734.507,5924.1846153846145,4662.087,5170.404086666666,4.0,13.176470588235293
2045667,2016-02-25,7,Produce,4709.023,0,31.4,0.0,0.0,0.0,0.0,0.0,0.0,0.0,0.0,0.0,0.0,0.0,25,3,2,2016,5056.388,4653.288,5545.249414285715,6076.941,6085.042777777778,4568.365,5248.345818181819,8974.476,5795.502615384616,7251.481,5390.03702,0.0,11.0
2047449,2016-02-26,7,Produce,5114.558,0,31.65,0.0,0.0,0.0,0.0,0.0,0.0,0.0,0.0,0.0,0.0,0.0,26,4,2,2016,8615.997,5554.205,5218.463985714286,8027.166,6034.132077777777,3299.207,5334.800272727272,5010.457,6050.134615384615,4488.583,5313.049353333334,7.0,11.176470588235293
2049231,2016-02-27,7,Produce,5680.503,0,32.013333333333335,0.0,0.0,0.0,0.0,0.0,0.0,0.0,0.0,0.0,0.0,0.0,27,5,2,2016,5634.95,4717.458,5111.772271428571,4922.25,6109.9159666666665,4750.653,5434.3938181818185,4899.654,6022.329769230769,5156.9683,5371.3080199999995,23.0,13.294117647058824
2051013,2016-02-28,7,Produce,5647.287,0,32.376666666666665,0.0,0.0,0.0,0.0,0.0,0.0,0.0,0.0,0.0,0.0,0.0,28,6,2,2016,5966.137,3753.4219,5217.2865571428565,5511.874,6071.286300000001,3900.464,5717.207636363636,4583.636,6102.070692307692,4804.659,5423.17382,21.0,14.764705882352942
2052795,2016-02-29,7,Produce,6797.656,0,32.74,0.0,0.0,0.0,0.0,0.0,0.0,0.0,0.0,0.0,0.0,0.0,29,0,2,2016,5552.458,4170.248,5357.523985714285,5587.852,6197.743966666666,6219.86,5557.631727272727,5815.976,6049.502461538462,5149.87,5432.762886666666,19.0,14.176470588235293
2054577,2016-03-01,7,Produce,5679.9893,0,34.39,0.0,0.0,0.0,0.0,0.0,0.0,0.0,0.0,0.0,0.0,0.0,1,1,3,2016,5319.582,5056.388,5416.371414285714,5515.2397,6039.5603,5816.815,5904.023272727273,6557.334,5988.659461538462,5577.955,5530.1066200000005,1.0,13.117647058823529
2056359,2016-03-02,7,Produce,8748.21,205,34.57,0.0,0.0,0.0,0.0,1.0,0.0,0.0,0.0,0.0,0.0,0.0,2,2,3,2016,7218.224,8615.997,5535.657128571429,6457.746,5764.786855555555,5477.005,6066.30390909091,6320.652,6055.738769230769,6575.148,5412.487753333334,4.0,11.470588235294118
2058141,2016-03-03,7,Produce,4591.477,0,34.56,0.0,0.0,0.0,0.0,0.0,0.0,0.0,0.0,0.0,0.0,0.0,3,3,3,2016,5812.958,5634.95,5759.394285714285,5803.23,5742.032188888889,7006.204,6360.877545454546,8465.714,5772.754769230769,7782.798,5605.010553333333,2.0,11.588235294117647
2059923,2016-03-04,7,Produce,5638.511,0,35.91,0.0,0.0,0.0,0.0,0.0,0.0,0.0,0.0,0.0,0.0,0.0,4,4,3,2016,8542.732,5966.137,6194.819428571428,7877.397,5546.648622222221,9276.148,6461.580818181817,5001.54,6002.805461538462,4640.168,5435.839286666667,7.0,12.235294117647058
2061705,2016-03-05,7,Produce,5288.334,0,36.57333333333333,0.0,0.0,0.0,0.0,0.0,0.0,0.0,0.0,0.0,0.0,0.0,5,5,3,2016,5349.304,5552.458,6302.900857142857,4653.288,5389.137066666666,5684.584,6682.726727272728,5862.708,5972.784153846154,5002.848,5519.492020000001,31.0,14.882352941176471
2063487,2016-03-06,7,Produce,5338.573,0,37.236666666666665,0.0,0.0,0.0,0.0,0.0,0.0,0.0,0.0,0.0,0.0,0.0,6,6,3,2016,5796.983,5319.582,6292.434428571428,5554.205,5338.153544444444,8944.951,6748.102363636364,5044.649,6032.3142307692315,5538.853,5535.1813999999995,37.0,16.176470588235293
2065269,2016-03-07,7,Produce,6465.622,0,37.9,0.0,0.0,0.0,0.0,0.0,0.0,0.0,0.0,0.0,0.0,0.0,7,0,3,2016,5816.506,7218.224,6251.627857142857,4717.458,5577.959211111111,6353.452,6724.458818181819,5581.27,5973.124923076923,4956.018,5558.781133333333,30.0,14.823529411764707
2067051,2016-03-08,7,Produce,4784.181,0,36.67,0.0,0.0,0.0,0.0,0.0,0.0,0.0,0.0,0.0,0.0,0.0,8,1,3,2016,6279.88,5812.958,6227.463000000001,3753.4219,5559.261433333333,6539.517,6882.959181818181,6606.538,5896.578692307694,5700.326,5597.6486,3.0,13.588235294117647
2068833,2016-03-09,7,Produce,8129.744,209,37.62,0.0,0.0,0.0,0.0,0.0,0.0,0.0,0.0,0.0,0.0,0.0,9,2,3,2016,6330.018,8542.732,6265.184142857142,4170.248,5346.899211111111,5858.389,6750.054727272727,5295.684,5887.565230769232,3899.554,5570.6962,3.0,12.470588235294118
2070615,2016-03-10,7,Produce,4400.735,0,37.77,0.0,0.0,0.0,0.0,0.0,0.0,0.0,0.0,0.0,0.0,0.0,10,3,3,2016,5212.624,5349.304,6402.369571428571,5056.388,5446.806988888889,6333.069,6442.557999999999,8001.116,5657.280461538461,7549.929,5682.267866666666,2.0,12.882352941176471
2072397,2016-03-11,7,Produce,5037.071,0,38.51,0.0,0.0,0.0,0.0,0.0,0.0,0.0,0.0,0.0,0.0,0.0,11,4,3,2016,8199.072,5796.983,6275.483,8615.997,5420.737766666667,6938.992,6448.370454545454,4509.377,5852.866384615385,4713.912,5505.426533333333,3.0,13.764705882352942
2074179,2016-03-12,7,Produce,5762.655,0,38.07333333333333,0.0,0.0,0.0,0.0,0.0,0.0,0.0,0.0,0.0,0.0,0.0,12,5,3,2016,4709.023,5816.506,6189.7210000000005,5634.95,5698.600655555555,5556.736,6203.488727272727,5357.527,5798.995000000001,5743.374,5538.717733333334,15.0,16.058823529411764
2075961,2016-03-13,7,Produce,5598.712,0,37.63666666666667,0.0,0.0,0.0,0.0,0.0,0.0,0.0,0.0,0.0,0.0,0.0,13,6,3,2016,5114.558,6279.88,6140.626714285715,5966.137,5927.438,7220.509,6292.1241818181825,5046.515,5819.250538461538,5392.309,5560.883933333333,45.0,18.058823529411764
2077743,2016-03-14,7,Produce,5606.863,0,37.2,0.0,0.0,0.0,0.0,0.0,0.0,0.0,0.0,0.0,0.0,0.0,14,0,3,2016,5680.503,6330.018,6049.158,5552.458,6413.269555555556,5544.255,6208.001272727273,5562.233,5768.971461538462,5158.655,5537.063999999999,29.0,16.294117647058822
2079525,2016-03-15,7,Produce,4663.026,0,36.32,0.0,0.0,0.0,0.0,0.0,0.0,0.0,0.0,0.0,0.0,0.0,15,1,3,2016,5647.287,5212.624,5951.6687142857145,5319.582,6445.815777777778,5893.684,6498.423636363636,6203.477,5608.930538461538,5732.882,5584.113200000001,0.0,14.176470588235293
2081307,2016-03-16,7,Produce,8274.93,207,38.43,0.0,0.0,0.0,0.0,0.0,0.0,0.0,0.0,0.0,0.0,0.0,16,2,3,2016,6797.656,8199.072,5932.239714285714,7218.224,6132.592000000001,5748.521,6366.435363636363,5472.012,5656.237538461539,5173.669,5543.558133333334,0.0,12.529411764705882
2083089,2016-03-17,7,Produce,4658.429,2,40.17,0.0,0.0,0.0,0.0,0.0,0.0,0.0,0.0,0.0,0.0,0.0,17,3,3,2016,5679.9893,4709.023,5841.869285714286,5812.958,6152.76488888889,6251.252,6278.657545454545,7544.157,5515.0129230769235,8248.723,5819.9821999999995,0.0,12.588235294117647
2084871,2016-03-18,7,Produce,5798.928,0,39.47,0.0,0.0,0.0,0.0,0.0,0.0,0.0,0.0,0.0,0.0,0.0,18,4,3,2016,8748.21,5114.558,5908.674714285714,8542.732,6187.625222222222,7328.442,6298.562545454545,5162.38,5740.439230769231,5130.178,5623.407200000001,8.0,13.294117647058824
2086653,2016-03-19,7,Produce,5038.516,0,39.61666666666667,0.0,0.0,0.0,0.0,0.0,0.0,0.0,0.0,0.0,0.0,0.0,19,5,3,2016,4591.477,5680.503,5975.441185714286,5349.304,6274.020777777779,5614.165,6201.325090909091,5307.971,5723.294384615385,5139.536,5665.580133333333,19.0,15.764705882352942
2088435,2016-03-20,7,Produce,4946.62,0,39.76333333333333,0.0,0.0,0.0,0.0,0.0,0.0,0.0,0.0,0.0,0.0,0.0,20,6,3,2016,5638.511,5647.287,6053.889471428572,5796.983,6262.136555555556,9053.035,6309.963545454546,4927.642,5686.513615384616,5335.341,5598.959333333333,41.0,16.470588235294116
2090217,2016-03-21,7,Produce,5754.609,0,39.91,0.0,0.0,0.0,0.0,0.0,0.0,0.0,0.0,0.0,0.0,0.0,21,0,3,2016,5288.334,6797.656,6037.097185714286,5816.506,6371.1196666666665,4881.198,6326.623272727273,4526.006,5512.434692307692,5181.554,5624.032933333334,41.0,15.647058823529411
2091999,2016-03-22,7,Produce,4799.777,0,41.45,0.0,0.0,0.0,0.0,0.0,0.0,0.0,0.0,0.0,0.0,0.0,22,1,3,2016,5338.573,5679.9893,6111.947614285714,6279.88,6248.460222222222,5973.436,6533.7728181818175,5910.675,5400.679,5661.756,5695.882733333334,1.0,13.176470588235293
2093781,2016-03-23,7,Produce,6896.514,208,38.28,0.0,0.0,0.0,0.0,0.0,0.0,0.0,0.0,0.0,0.0,0.0,23,2,3,2016,6465.622,8748.21,6055.923471428571,6330.018,5867.552,5775.691,6412.9544545454555,6165.196,5279.790692307692,5092.0,5674.0383999999995,1.0,11.823529411764707
2095563,2016-03-24,7,Produce,4509.75,0,38.14,0.0,0.0,0.0,0.0,0.0,0.0,0.0,0.0,0.0,0.0,0.0,24,3,3,2016,4784.181,4591.477,6011.821471428571,5212.624,5904.351888888889,6150.897,6247.811909090909,7439.919,5177.921692307693,8045.915,5886.423066666666,2.0,12.705882352941176
2097345,2016-03-25,7,Produce,3540.101,0,38.1025,0.0,0.0,0.0,0.0,0.0,1.0,0.0,0.0,0.0,0.0,0.0,25,4,3,2016,8129.744,5638.511,5964.388042857143,8199.072,5887.719,6739.278,6245.419818181818,5134.644,5228.262846153846,4601.304,5722.9106,4.0,14.352941176470589
2099127,2016-03-26,7,Produce,4792.77,0,38.065,0.0,0.0,0.0,0.0,0.0,0.0,0.0,0.0,0.0,0.0,0.0,26,5,3,2016,4400.735,5288.334,5836.415428571428,4709.023,5996.7356666666665,6076.941,5923.8020636363635,4568.365,5241.265461538462,5346.506,5780.4564666666665,15.0,16.58823529411765
2100909,2016-03-27,7,Produce,4457.411,0,38.0275,0.0,0.0,0.0,0.0,0.0,0.0,0.0,0.0,0.0,0.0,0.0,27,6,3,2016,5037.071,5338.573,5748.063142857143,5114.558,5930.081144444444,8027.166,6067.124609090909,3299.207,5401.154846153847,4744.062,5818.306733333333,44.0,17.647058823529413
2102691,2016-03-28,7,Produce,7080.411,0,37.99,0.0,0.0,0.0,0.0,0.0,0.0,0.0,0.0,0.0,0.0,0.0,28,0,3,2016,5762.655,6465.622,5720.814285714286,5680.503,6198.769144444444,4922.25,6051.651336363636,4750.653,5766.550384615384,5768.413,5834.243933333334,15.0,16.58823529411765
2104473,2016-03-29,7,Produce,6066.293,0,36.91,0.0,0.0,0.0,0.0,0.0,0.0,0.0,0.0,0.0,0.0,0.0,29,1,3,2016,5598.712,4784.181,5634.894285714286,5647.287,6129.752811111111,5511.874,6242.715518181818,3900.464,5749.15876923077,6236.402,5917.1472,1.0,14.470588235294118
2106255,2016-03-30,7,Produce,7630.544,211,36.91,0.0,0.0,0.0,0.0,0.0,0.0,0.0,0.0,0.0,0.0,0.0,30,2,3,2016,5606.863,8129.744,5702.654428571428,6797.656,5845.246033333333,5587.852,6106.569245454546,6219.86,5962.986076923076,5405.217,5886.3798,3.0,12.235294117647058
2108037,2016-03-31,7,Produce,4997.939,0,36.94,0.0,0.0,0.0,0.0,0.0,0.0,0.0,0.0,0.0,0.0,0.0,31,3,3,2016,4663.026,4400.735,5739.817142857143,5679.9893,5909.613922222222,5515.2397,5998.835336363636,5816.815,5879.411692307693,8359.439,6068.774799999999,6.0,12.235294117647058
2109819,2016-04-01,7,Produce,5913.156,0,35.36,0.0,0.0,0.0,0.0,0.0,0.0,1.0,0.0,0.0,0.0,0.0,1,4,4,2016,8274.93,5037.071,5617.137285714286,8748.21,5934.5044777777775,6457.746,5875.245972727273,5477.005,5987.4788461538465,5796.036,5865.2794,15.0,13.352941176470589
2111601,2016-04-02,7,Produce,5171.054,0,35.00666666666667,0.0,0.0,0.0,0.0,0.0,0.0,0.0,0.0,0.0,0.0,0.0,2,5,4,2016,4658.429,5762.655,5599.829428571428,4591.477,6021.739922222222,5803.23,5486.723781818181,7006.204,6086.711461538462,5993.366,5876.1366,28.0,15.588235294117647
2113383,2016-04-03,7,Produce,6199.906,0,34.65333333333333,0.0,0.0,0.0,0.0,0.0,0.0,0.0,0.0,0.0,0.0,0.0,3,6,4,2016,5798.928,5598.712,5620.570285714285,5638.511,5925.839255555556,7877.397,5418.359963636364,9276.148,6320.0854615384615,5707.29,5814.409666666667,38.0,17.0
2115165,2016-04-04,7,Produce,6600.274,0,34.3,0.0,0.0,0.0,0.0,0.0,0.0,0.0,0.0,0.0,0.0,0.0,4,0,4,2016,5038.516,5606.863,5657.383714285715,5288.334,6073.849033333333,4653.288,5376.952145454546,5684.584,6488.41923076923,5574.399,5803.569866666667,26.0,16.11764705882353
2116947,2016-04-05,7,Produce,5226.449,0,34.52,0.0,0.0,0.0,0.0,0.0,0.0,0.0,0.0,0.0,0.0,0.0,5,1,4,2016,4946.62,4663.026,5766.22042857143,5338.573,5931.709666666666,5554.205,5652.238054545454,8944.951,6615.82476923077,6425.103,5829.9784666666665,1.0,13.647058823529411
2118729,2016-04-06,7,Produce,8308.755,219,37.74,0.0,0.0,0.0,0.0,0.0,0.0,0.0,0.0,0.0,0.0,0.0,6,2,4,2016,5754.609,8274.93,5662.771999999999,6465.622,5519.360888888888,4717.458,5663.120809090909,6353.452,6692.7977692307695,5200.245,5736.823,5.0,12.764705882352942
2120511,2016-04-07,7,Produce,4464.98,0,37.3,0.0,0.0,0.0,0.0,0.0,0.0,0.0,0.0,0.0,0.0,0.0,7,3,4,2016,4799.777,4658.429,5569.616,4784.181,5649.491777777777,3753.4219,5618.429081818182,6539.517,6671.831615384615,7827.925,5851.127533333333,3.0,12.823529411764707
2122293,2016-04-08,7,Produce,5786.669,0,39.74,0.0,0.0,0.0,0.0,0.0,0.0,0.0,0.0,0.0,0.0,0.0,8,4,4,2016,6896.514,5798.928,5590.722571428572,8129.744,5645.069666666666,4170.248,5595.631627272727,5858.389,6703.883846153845,4993.484,5640.419933333334,1.0,13.764705882352942
2124075,2016-04-09,7,Produce,4655.004,0,39.980000000000004,0.0,0.0,0.0,0.0,0.0,0.0,0.0,0.0,0.0,0.0,0.0,9,5,4,2016,4509.75,5038.516,5610.258428571428,4400.735,5680.4617777777785,5056.388,5363.10299090909,6333.069,6607.139,4764.162,5608.7608666666665,20.0,16.41176470588235
2125857,2016-04-10,7,Produce,5410.434,0,40.22,0.0,0.0,0.0,0.0,0.0,0.0,0.0,0.0,0.0,0.0,0.0,10,6,4,2016,3540.101,4946.62,5413.3418571428565,5037.071,5605.401,8615.997,5596.278990909091,6938.992,6374.454692307691,4420.602,5514.969533333334,40.0,17.705882352941178
2127639,2016-04-11,7,Produce,6034.036,0,40.46,0.0,0.0,0.0,0.0,0.0,0.0,0.0,0.0,0.0,0.0,0.0,11,0,4,2016,4792.77,5754.609,5392.101999999999,5762.655,5806.435222222222,5634.95,5619.801990909091,5556.736,6500.905307692307,4581.465,5509.343266666667,28.0,16.352941176470587
2129421,2016-04-12,7,Produce,5192.697,0,42.12,0.0,0.0,0.0,0.0,1.0,0.0,0.0,0.0,0.0,0.0,0.0,12,1,4,2016,4457.411,4799.777,5069.412428571429,5598.712,5792.462777777778,5966.137,5967.554172727273,7220.509,6244.691,6164.542,5562.839133333333,0.0,14.117647058823529
2131203,2016-04-13,7,Produce,7599.794,209,41.7,0.0,0.0,0.0,0.0,0.0,0.0,0.0,0.0,0.0,0.0,0.0,13,2,4,2016,7080.411,6896.514,5034.305857142857,5606.863,5533.483222222222,5552.458,6112.634363636364,5544.255,6452.351230769231,4839.07,5483.360746666667,2.0,12.882352941176471
2132985,2016-04-14,7,Produce,4710.468,0,41.45,0.0,0.0,0.0,0.0,1.0,0.0,0.0,0.0,0.0,0.0,0.0,14,3,4,2016,6066.293,4509.75,4964.418857142858,4663.026,5604.347777777778,5319.582,6260.519363636363,5893.684,6324.788230769231,7119.785,5650.339813333333,0.0,12.941176470588236
2134767,2016-04-15,7,Produce,5690.715,0,40.4,0.0,0.0,0.0,0.0,0.0,0.0,0.0,0.0,0.0,0.0,0.0,15,4,4,2016,7630.544,3540.101,5153.819142857144,8274.93,5594.297666666667,7218.224,6329.620999999999,5748.521,6333.638,5198.825,5448.209546666667,2.0,13.764705882352942
2136549,2016-04-16,7,Produce,5565.3,0,40.18,0.0,0.0,0.0,1.0,0.0,0.0,0.0,0.0,0.0,0.0,0.0,16,5,4,2016,4997.939,4792.77,5334.75,4658.429,5593.403666666667,5812.958,6117.246727272728,6251.252,6290.762769230769,5321.15,5501.950679999999,19.0,15.823529411764707
2138331,2016-04-17,7,Produce,6621.722,0,39.96,0.0,0.0,0.0,1.0,0.0,0.0,0.0,0.0,0.0,0.0,0.0,17,6,4,2016,5913.156,4457.411,5439.611428571428,5798.928,5504.63311111111,8542.732,6180.434727272728,7328.442,6230.140076923077,4586.496,5487.473346666667,51.0,17.235294117647058
2140113,2016-04-18,7,Produce,5472.46,0,39.74,0.0,0.0,0.0,1.0,0.0,0.0,0.0,0.0,0.0,0.0,0.0,18,0,4,2016,5171.054,7080.411,5509.352714285714,5038.516,5647.9276666666665,5349.304,6111.933545454545,5614.165,6321.104846153846,5622.896,5549.205946666667,37.0,16.11764705882353
2141895,2016-04-19,7,Produce,5544.141,0,40.88,0.0,0.0,0.0,1.0,0.0,0.0,0.0,0.0,0.0,0.0,0.0,19,1,4,2016,6199.906,6066.293,5848.360571428571,4946.62,5630.897000000001,5796.983,6352.534818181818,9053.035,6233.138076923076,6376.837,5627.021746666667,5.0,14.0
2143677,2016-04-20,7,Produce,7910.265,205,42.72,0.0,0.0,0.0,1.0,0.0,0.0,0.0,0.0,0.0,0.0,0.0,20,2,4,2016,6600.274,7630.544,5902.401142857144,5754.609,5104.804888888889,5816.506,6297.0294545454535,4881.198,6424.1312307692315,5232.9272,5521.866746666667,0.0,12.941176470588236
2145459,2016-04-21,7,Produce,4459.0522,0,43.18,0.0,0.0,0.0,1.0,1.0,0.0,0.0,0.0,0.0,0.0,0.0,21,3,4,2016,5226.449,4997.939,6151.329,4799.777,5119.731666666667,6279.88,6105.787090909091,5973.436,6349.4055384615385,7704.931,5649.854433333333,5.0,15.470588235294118
2147241,2016-04-22,7,Produce,5873.123,0,42.76,0.0,0.0,0.0,1.0,0.0,0.0,0.0,0.0,0.0,0.0,0.0,22,4,4,2016,8308.755,5913.156,6082.738,6896.514,4970.674222222222,6330.018,6093.745727272727,5775.691,6331.201923076923,4795.971,5458.672433333334,2.0,19.235294117647058
2149023,2016-04-23,7,Produce,5439.012,0,42.39666666666667,0.0,0.0,0.0,1.0,0.0,0.0,0.0,0.0,0.0,0.0,0.0,23,5,4,2016,4464.98,5171.054,5962.760285714286,4509.75,5197.551444444444,5212.624,5830.523454545455,6150.897,6280.171153846154,5799.601,5445.232233333332,19.0,22.058823529411764
2150805,2016-04-24,7,Produce,5549.707,0,42.03333333333333,0.0,0.0,0.0,1.0,0.0,0.0,0.0,0.0,0.0,0.0,0.0,24,6,4,2016,5786.669,6199.906,6059.647571428572,3540.101,5321.959555555555,8199.072,5962.191818181818,6739.278,6140.694053846153,4547.002,5376.022833333333,38.0,23.294117647058822
2152587,2016-04-25,7,Produce,5821.071,0,41.67,0.0,0.0,0.0,1.0,0.0,0.0,0.0,0.0,0.0,0.0,0.0,25,0,4,2016,4655.004,6600.274,5983.51057142857,4792.77,5530.396777777777,4709.023,5951.556027272727,6076.941,6205.584900000001,5346.591,5316.535033333334,25.0,22.235294117647058
2154369,2016-04-26,7,Produce,5468.911,0,42.52,0.0,0.0,0.0,1.0,0.0,0.0,0.0,0.0,0.0,0.0,0.0,26,1,4,2016,5410.434,5226.449,5965.441,4457.411,5552.414777777779,5114.558,6218.074572727272,8027.166,5955.5999,5748.702,5207.087566666667,1.0,19.41176470588235
2156151,2016-04-27,7,Produce,8420.216,207,45.29,0.0,0.0,0.0,1.0,0.0,0.0,0.0,0.0,0.0,0.0,0.0,27,2,4,2016,6034.036,8308.755,5891.719571428571,7080.411,5443.152777777777,5680.503,6064.583390909091,4922.25,6186.076746153847,4587.217,5144.3452333333325,4.0,17.470588235294116
2157933,2016-04-28,7,Produce,4536.289,0,46.03,0.0,0.0,0.0,1.0,0.0,0.0,0.0,0.0,0.0,0.0,0.0,28,3,4,2016,5192.697,4464.98,5778.937857142858,6066.293,5516.631,5647.287,6001.719118181819,5511.874,6084.526900000001,6758.8853,5442.251286666667,10.0,17.823529411764707
2159715,2016-04-29,7,Produce,5134.357,0,45.98,0.0,0.0,0.0,1.0,0.0,0.0,0.0,0.0,0.0,0.0,0.0,29,4,4,2016,7599.794,5786.669,5698.046714285714,7630.544,5812.1648888888885,6797.656,6008.601845454545,5587.852,6067.4895153846155,4252.055,5311.26922,43.0,19.294117647058822
2161497,2016-04-30,7,Produce,4720.252,0,45.57,0.0,0.0,0.0,1.0,0.0,0.0,0.0,0.0,0.0,0.0,0.0,30,5,4,2016,4710.468,4655.004,5693.224999999999,4997.939,6012.998666666667,5679.9893,5748.556481818182,5515.2397,5957.2249769230775,4997.222,5370.9598866666665,66.0,24.352941176470587
2163279,2016-05-01,7,Produce,5982.467,0,45.16,0.0,0.0,0.0,1.0,0.0,1.0,0.0,0.0,0.0,0.0,0.0,1,6,5,2016,5690.715,5410.434,5591.9448571428575,5913.156,6098.4473333333335,8748.21,5908.2473,6457.746,5727.543738461538,4283.009,5308.543420000001,48.0,28.764705882352942
2165061,2016-05-02,7,Produce,6402.08,0,44.75,0.0,0.0,0.0,1.0,0.0,0.0,0.0,0.0,0.0,0.0,0.0,2,0,5,2016,5565.3,6034.036,5627.014571428571,5171.054,6234.93,4591.477,5878.213027272727,5803.23,5580.875046153846,3694.179,5400.540086666666,23.0,27.764705882352942
2166843,2016-05-03,7,Produce,5938.366,0,43.65,0.0,0.0,0.0,1.0,0.0,0.0,0.0,0.0,0.0,0.0,0.0,3,1,5,2016,6621.722,5192.697,5613.306857142858,6199.906,6057.006333333334,5638.511,6100.8713,7877.397,5352.353661538461,3981.184,5436.70402,1.0,25.705882352941178
2168625,2016-05-04,7,Produce,8168.806,213,43.77,0.0,0.0,0.0,1.0,0.0,0.0,0.0,0.0,0.0,0.0,0.0,4,2,5,2016,5472.46,7599.794,5743.349142857143,6600.274,5852.131333333334,5288.334,5987.54839090909,4653.288,5636.488046153846,5435.702,5395.27202,3.0,24.41176470588235
2170407,2016-05-05,7,Produce,4739.231,0,44.33,0.0,0.0,0.0,1.0,0.0,0.0,0.0,0.0,0.0,0.0,0.0,5,3,5,2016,5544.141,4710.468,5916.390285714285,5226.449,5814.027444444445,5338.573,5827.495209090909,5554.205,5645.955430769231,9701.518,5621.0429066666675,4.0,25.235294117647058
2172189,2016-05-06,7,Produce,5934.579,0,44.58,0.0,0.0,0.0,1.0,0.0,0.0,0.0,0.0,0.0,0.0,0.0,6,4,5,2016,7910.265,5690.715,5836.165142857142,8308.755,5758.169444444445,6465.622,5835.010272727272,4717.458,5675.054276923077,5740.2,5452.713486666666,11.0,25.705882352941178
2173971,2016-05-07,7,Produce,5946.388,0,44.20333333333333,0.0,1.0,0.0,1.0,0.0,0.0,0.0,0.0,0.0,0.0,0.0,7,5,5,2016,4459.0522,5565.3,5886.371428571429,4464.98,5854.056333333333,4784.181,5548.692272727273,3753.4219,5677.917223076923,5691.331,5528.40642,25.0,27.529411764705884
2175753,2016-05-08,7,Produce,3922.395,0,43.82666666666667,0.0,0.0,0.0,2.0,0.0,0.0,0.0,0.0,0.0,0.0,0.0,8,6,5,2016,5873.123,6621.722,5930.724428571428,5786.669,5742.144222222222,8129.744,5641.00009090909,4170.248,5590.366146153845,4863.354,5522.712620000001,91.0,26.176470588235293
2177535,2016-05-09,7,Produce,6345.432,0,43.45,0.0,0.0,0.0,1.0,0.0,0.0,0.0,0.0,0.0,0.0,0.0,9,0,5,2016,5439.012,5472.46,5894.8078857142855,4655.004,5853.202,4400.735,5552.319636363636,5056.388,5699.211838461538,5926.952,5608.013953333333,77.0,22.529411764705884
2179317,2016-05-10,7,Produce,4892.929,0,44.68,0.0,0.0,0.0,1.0,0.0,0.0,0.0,0.0,0.0,0.0,0.0,10,1,5,2016,5549.707,5544.141,5920.866171428571,5410.434,5795.870777777778,5037.071,5823.828363636364,8615.997,5540.408838461538,5889.05,5803.7372866666665,2.0,19.88235294117647
2181099,2016-05-11,7,Produce,8229.883,207,46.21,0.0,0.0,0.0,1.0,0.0,0.0,0.0,0.0,0.0,0.0,0.0,11,2,5,2016,5821.071,7910.265,5902.825028571429,6034.036,5504.977444444445,5762.655,5761.997090909091,5634.95,5839.596838461539,5127.222,5923.41702,3.0,18.88235294117647
2182881,2016-05-12,7,Produce,4711.79,0,46.64,0.0,0.0,0.0,1.0,1.0,0.0,0.0,0.0,0.0,0.0,0.0,12,3,5,2016,5468.911,4459.0522,5749.680028571429,5192.697,5627.235222222222,5598.712,5701.388545454545,5966.137,5823.835223076923,7973.7803,6093.938086666666,3.0,19.470588235294116
2184663,2016-05-13,7,Produce,5657.857,0,46.22,0.0,0.0,0.0,1.0,0.0,0.0,0.0,0.0,0.0,0.0,0.0,13,4,5,2016,8420.216,5873.123,5799.4816,7599.794,5720.018888888889,5606.863,5724.509909090909,5552.458,5906.875607692307,4233.944,5790.870086666667,15.0,20.294117647058822
2186445,2016-05-14,7,Produce,5279.383,0,46.72,0.0,0.0,0.0,1.0,0.0,0.0,0.0,0.0,0.0,0.0,0.0,14,5,5,2016,4536.289,5439.012,5788.734457142857,4710.468,5810.847333333333,4663.026,5435.135,5319.582,6065.574384615385,5387.449,5765.723620000001,12.0,22.823529411764707
2188227,2016-05-15,7,Produce,5859.274,0,47.22,0.0,0.0,0.0,1.0,0.0,0.0,0.0,0.0,0.0,0.0,0.0,15,6,5,2016,5134.357,5549.707,5861.5846,5690.715,5825.703666666666,8274.93,5558.214454545455,7218.224,6227.853769230768,4911.815,5708.039953333334,41.0,24.235294117647058
2190009,2016-05-16,7,Produce,6354.331,0,47.72,0.0,0.0,0.0,1.0,0.0,0.0,0.0,0.0,0.0,0.0,0.0,16,0,5,2016,4720.252,5821.071,5872.618428571428,5565.3,6034.173555555555,4658.429,5536.642272727272,5812.958,6325.825307692308,5562.529,5765.68542,20.0,23.058823529411764
2191791,2016-05-17,7,Produce,5860.618,0,48.29,0.0,0.0,0.0,0.0,0.0,0.0,0.0,0.0,0.0,0.0,0.0,17,1,5,2016,5982.467,5468.911,5767.0804285714285,6621.722,5952.657466666667,5798.928,5639.720363636364,8542.732,6064.027384615385,6630.029,5795.370553333333,4.0,17.764705882352942
2193573,2016-05-18,7,Produce,8104.799,213,48.12,0.0,0.0,0.0,0.0,0.0,0.0,0.0,0.0,0.0,0.0,0.0,18,2,5,2016,6402.08,8420.216,5664.400428571428,5472.46,5760.805133333333,5038.516,5540.723818181818,5349.304,6261.267538461539,5776.38,5785.067686666666,3.0,13.294117647058824
2195355,2016-05-19,7,Produce,4975.811,0,48.16,0.0,0.0,0.0,0.0,0.0,0.0,0.0,0.0,0.0,0.0,0.0,19,3,5,2016,5938.366,4536.289,5726.223285714285,5544.141,5841.754466666667,4946.62,5352.836363636364,5796.983,6164.566461538461,7993.518,6041.551286666666,6.0,13.411764705882353
2197137,2016-05-20,7,Produce,5357.439,0,47.67,0.0,0.0,0.0,0.0,0.0,0.0,0.0,0.0,0.0,0.0,0.0,20,4,5,2016,8168.806,5134.357,5809.224571428572,7910.265,5826.0869111111115,5754.609,5364.631272727273,5816.506,6130.881846153847,5155.498,5843.9964,11.0,13.647058823529411
2198919,2016-05-21,7,Produce,5453.875,0,47.82,0.0,0.0,0.0,0.0,0.0,0.0,0.0,0.0,0.0,0.0,0.0,21,5,5,2016,4739.231,4720.252,5876.289571428571,4459.0522,5854.50591111111,4799.777,5017.58409090909,6279.88,6158.645,5363.003,5888.377066666667,17.0,16.11764705882353
2200701,2016-05-22,7,Produce,5651.1,0,47.97,0.0,0.0,0.0,0.0,0.0,0.0,0.0,0.0,0.0,0.0,0.0,22,6,5,2016,5934.579,5982.467,5840.373857142857,5873.123,5726.4158,6896.514,5237.764272727272,6330.018,6037.8036923076925,4826.076,5834.789533333333,47.0,17.294117647058822
2202483,2016-05-23,7,Produce,6326.585,0,48.12,0.0,0.0,0.0,0.0,0.0,0.0,0.0,0.0,0.0,0.0,0.0,23,0,5,2016,5946.388,6402.08,5869.3655714285715,5439.012,6053.944244444445,4509.75,5262.0701818181815,5212.624,6113.549692307693,5728.036,5895.0669333333335,35.0,381.80086470588236
2204265,2016-05-24,7,Produce,4806.529,3,48.04,0.0,0.0,0.0,0.0,0.0,0.0,0.0,0.0,1.0,0.0,0.0,24,1,5,2016,3922.395,5938.366,5983.682999999999,5549.707,5941.960688888888,3540.101,5497.70909090909,8199.072,5893.338715384616,6372.229,5961.3872666666675,5.0,705.2409235294117
2206047,2016-05-25,7,Produce,7313.4487,213,49.1,0.0,0.0,0.0,0.0,0.0,0.0,0.0,0.0,0.0,0.0,0.0,25,2,5,2016,6345.432,8168.806,6158.845285714286,5821.071,5633.526466666666,4792.77,5502.374454545455,4709.023,6154.7930230769225,5734.507,5940.762133333334,1.0,1165.9609235294117
2207829,2016-05-26,7,Produce,4766.032,3,49.0,0.0,0.0,0.0,0.0,0.0,0.0,0.0,0.0,0.0,0.0,0.0,26,3,5,2016,4892.929,4739.231,5864.549285714286,5468.911,5662.548666666667,4457.411,5516.787818181818,5114.558,6062.0617923076925,8974.476,6120.051066666667,1.0,1438.1628647058824
2209611,2016-05-27,7,Produce,5449.0312,4,49.36,0.0,0.0,0.0,0.0,0.0,0.0,0.0,0.0,0.0,0.0,1.0,27,4,5,2016,8229.883,5934.579,5856.456714285714,8420.216,5674.698,7080.411,5550.540272727273,5680.503,6048.369869230768,5010.457,5920.585866666666,4.0,1721.2135117647058
2211393,2016-05-28,7,Produce,4486.655,4,49.295,0.0,0.0,0.0,0.0,0.0,0.0,0.0,0.0,0.0,0.0,0.0,28,5,5,2016,4711.79,5946.388,5707.108571428571,4536.289,5781.705555555555,6066.293,5487.212272727273,5647.287,5972.0971,4899.654,5967.7332,7.0,2002.900982352941
2213175,2016-05-29,7,Produce,4596.356,4,49.230000000000004,0.0,0.0,0.0,0.0,0.0,0.0,0.0,0.0,0.0,0.0,0.0,29,6,5,2016,5657.857,3922.395,5715.833857142857,5134.357,5824.889888888889,7630.544,5677.25990909091,6797.656,5895.8321,4583.636,5946.5096,45.0,2320.0142764705884
2214957,2016-05-30,7,Produce,5832.009,3,49.165,0.0,0.0,0.0,0.0,0.0,0.0,0.0,0.0,0.0,0.0,0.0,30,0,5,2016,5279.383,6345.432,5711.913714285714,4720.252,6085.749333333333,4997.939,5830.5642727272725,5679.9893,5992.216561538462,5815.976,5996.855866666667,35.0,2671.3036294117646
2216739,2016-05-31,7,Produce,5513.177,4,49.1,0.0,0.0,0.0,0.0,0.0,0.0,0.0,0.0,0.0,0.0,0.0,31,1,5,2016,5859.274,4892.929,5672.382,5982.467,6004.673777777778,5913.156,6150.199272727273,8748.21,5729.532638461538,6557.334,6055.422666666666,6208.6147,2965.386864705882
2218521,2016-06-01,7,Produce,8846.374,211,49.07,0.0,0.0,0.0,0.0,0.0,0.0,0.0,0.0,0.0,0.0,0.0,1,2,6,2016,6354.331,8229.883,5577.095571428571,6402.08,5728.491888888889,5171.054,6150.887363636363,4591.477,5992.665023076924,6320.652,5983.653,5539.481,3379.9096882352937
2220303,2016-06-02,7,Produce,5519.06,4,49.14,0.0,0.0,0.0,0.0,0.0,0.0,0.0,0.0,0.0,0.0,0.0,2,3,6,2016,5860.618,4711.79,5853.792571428571,5938.366,5885.169555555555,6199.906,6033.274454545454,5638.511,5937.755561538462,8465.714,6134.760266666667,7852.24,3651.3192176470584
2222085,2016-06-03,7,Produce,5188.249,2,48.69,0.0,0.0,0.0,0.0,0.0,0.0,0.0,0.0,0.0,0.0,0.0,3,4,6,2016,8104.799,5657.857,5855.063857142857,8168.806,5750.507111111111,6600.274,5904.975454545454,5288.334,5888.260792307692,5001.54,5837.087,4631.433,3946.5602764705877
2223867,2016-06-04,7,Produce,4558.389,3,49.03,0.0,0.0,0.0,0.0,0.0,0.0,0.0,0.0,0.0,0.0,0.0,4,5,6,2016,4975.811,5279.383,5993.3051428571425,4739.231,5931.082666666666,5226.449,5703.147272727273,5338.573,5897.135253846154,5862.708,5860.225,4814.861,4214.3291
2225649,2016-06-05,7,Produce,5015.149,2,49.37,0.0,0.0,0.0,0.0,0.0,0.0,0.0,0.0,0.0,0.0,0.0,5,6,6,2016,5357.439,5859.274,5975.436000000001,5934.579,5810.022888888889,8308.755,5797.337909090908,6465.622,5804.908792307692,5044.649,5870.015733333334,4794.687,4503.2319823529415
2227431,2016-06-06,7,Produce,6516.741,3,49.71,0.0,0.0,0.0,0.0,0.0,0.0,0.0,0.0,0.0,0.0,0.0,6,0,6,2016,5453.875,6354.331,6013.153285714286,5946.388,6013.112111111111,4464.98,5731.841636363636,4784.181,5799.283692307692,5581.27,5935.255533333334,5401.926,4858.42404117647
2229213,2016-06-07,7,Produce,5221.85,1,50.37,0.0,0.0,0.0,0.0,0.0,0.0,0.0,0.0,0.0,0.0,0.0,7,1,6,2016,5651.1,5860.618,5970.236428571429,3922.395,5876.825888888889,5786.669,5952.636181818181,8129.744,5485.0387692307695,6606.538,5961.088933333333,5988.919,5158.700394117647
2230995,2016-06-08,7,Produce,7898.388,218,51.23,0.0,0.0,0.0,0.0,0.0,0.0,0.0,0.0,0.0,0.0,0.0,8,2,6,2016,6326.585,8104.799,5995.1638571428575,6345.432,5597.8315555555555,4655.004,5817.232727272727,4400.735,5768.381307692309,5295.684,5888.7341333333325,5046.415,5597.139864705882
2232777,2016-06-09,7,Produce,4570.658,0,50.52,0.0,0.0,0.0,0.0,0.0,0.0,0.0,0.0,0.0,0.0,0.0,9,3,6,2016,4806.529,4975.811,5965.424714285715,4892.929,5657.848444444444,5410.434,5734.545545454545,5037.071,5692.990384615385,8001.116,5970.301133333333,7081.888,5512.288705882353
2234559,2016-06-10,7,Produce,5793.02,0,49.09,0.0,0.0,0.0,0.0,0.0,0.0,0.0,0.0,0.0,0.0,0.0,10,4,6,2016,7313.4487,5357.439,5961.461,8229.883,5649.481222222223,6034.036,5765.350181818182,5762.655,5732.266846153847,4509.377,5750.078866666667,4618.962,5479.725411764705
2236341,2016-06-11,7,Produce,5034.305,0,49.02333333333333,0.0,0.0,0.0,0.0,0.0,0.0,0.0,0.0,0.0,0.0,0.0,11,5,6,2016,4766.032,5453.875,5810.876857142857,4711.79,5694.808222222222,5192.697,5611.9835454545455,5598.712,5709.185538461538,5357.527,5770.5076,5020.098,5345.166547058824
2238123,2016-06-12,7,Produce,5600.428,0,48.95666666666667,0.0,0.0,0.0,0.0,0.0,0.0,0.0,0.0,0.0,0.0,0.0,12,6,6,2016,5449.0312,5651.1,5697.826814285714,5657.857,5910.166333333334,7599.794,5703.572636363636,5606.863,5592.339230769231,5046.515,5708.169866666667,4553.07,5324.48495882353
2239905,2016-06-13,7,Produce,6330.551,0,48.89,0.0,0.0,0.0,0.0,0.0,0.0,0.0,0.0,0.0,0.0,0.0,13,0,6,2016,4486.655,6326.585,5667.858385714286,5279.383,6105.651555555556,4710.468,5681.524636363636,4663.026,5666.987538461539,5562.233,5673.593666666667,4915.349,5373.531958823529
2241687,2016-06-14,7,Produce,5059.982,0,48.49,0.0,0.0,0.0,0.0,0.0,0.0,0.0,0.0,0.0,0.0,0.0,14,1,6,2016,4596.356,4806.529,5680.942985714287,5859.274,6114.8606666666665,5690.715,5977.457454545455,8274.93,5410.8362307692305,6203.477,5695.554,6045.265,5412.742664705882
2243469,2016-06-15,7,Produce,7813.534,212,47.92,0.0,0.0,0.0,0.0,0.0,0.0,0.0,0.0,0.0,0.0,0.0,15,2,6,2016,5832.009,7313.4487,5542.7687000000005,6354.331,5795.700222222223,5565.3,5890.968199999999,4658.429,5602.819230769231,5472.012,5666.1312,5149.698,5499.8688999999995
2245251,2016-06-16,7,Produce,5004.399,0,46.14,0.0,0.0,0.0,0.0,0.0,0.0,0.0,0.0,0.0,0.0,0.0,16,3,6,2016,5513.177,4766.032,5392.090985714286,5860.618,5878.154111111111,6621.722,5876.339745454545,5798.928,5562.256076923077,7544.157,5809.0802,7488.471,5405.087723529412
2247033,2016-06-17,7,Produce,5916.399,1,48.0,0.0,0.0,0.0,0.0,0.0,0.0,0.0,0.0,0.0,0.0,0.0,17,4,6,2016,8846.374,5449.0312,5321.437271428571,8104.799,5877.403333333334,5472.46,5898.732018181818,5038.516,5391.290384615384,5162.38,5617.9820666666665,4766.145,5402.44884117647
2248815,2016-06-18,7,Produce,5966.824,1,48.46666666666667,0.0,0.0,0.0,0.0,0.0,0.0,0.0,0.0,0.0,0.0,0.0,18,5,6,2016,5519.06,4486.655,5422.386985714285,4975.811,5993.759111111111,5544.141,5712.360472727272,4946.62,5329.294846153846,5307.971,5621.9146,4985.905,5274.243017647059
2250597,2016-06-19,7,Produce,4105.41,1,48.93333333333333,0.0,0.0,0.0,0.0,0.0,0.0,0.0,0.0,0.0,0.0,0.0,19,6,6,2016,5188.249,4596.356,5641.376314285714,5357.439,5876.787444444445,7910.265,5813.324381818182,5754.609,5240.875461538462,4927.642,5484.693266666667,5564.7393,5295.353076470588
2252379,2016-06-20,7,Produce,5987.205,1,49.4,0.0,0.0,0.0,0.0,0.0,0.0,0.0,0.0,0.0,0.0,0.0,20,0,6,2016,4558.389,5832.009,5748.951742857143,5453.875,5983.356077777778,4459.0522,5793.160381818182,4799.777,5426.828153846154,4526.006,5464.969133333333,4279.846,5330.480664705882
2254161,2016-06-21,7,Produce,5095.364,1,48.95,0.0,0.0,0.0,0.0,0.0,0.0,0.0,0.0,0.0,0.0,0.0,21,1,6,2016,5015.149,5513.177,5711.697142857142,5651.1,5861.735411111111,5873.123,6052.6982,6896.514,5256.933,5910.675,5354.184533333334,5648.66,5336.960194117647
2255943,2016-06-22,7,Produce,8072.681,215,49.16,0.0,0.0,0.0,0.0,0.0,0.0,0.0,0.0,0.0,0.0,0.0,22,2,6,2016,6516.741,8846.374,5721.9448571428575,6326.585,5566.6501,5439.012,5863.113381818182,4509.75,5485.557230769231,6165.196,5355.276733333333,5461.269,5520.600605882352
2257725,2016-06-23,7,Produce,4517.351,0,49.34,0.0,0.0,0.0,0.0,1.0,0.0,0.0,0.0,0.0,0.0,0.0,23,3,6,2016,5221.85,5519.06,5781.7724285714285,4806.529,5512.299433333334,5549.707,5832.376745454546,3540.101,5423.942692307693,7439.919,5378.2636,6883.072,5453.993076470588
2259507,2016-06-24,7,Produce,5046.888,1,46.7,0.0,0.0,0.0,0.0,0.0,0.0,0.0,0.0,0.0,0.0,0.0,24,4,6,2016,7898.388,5188.249,5879.591285714286,7313.4487,5427.734655555555,5821.071,5757.477745454546,4792.77,5491.222692307692,5134.644,5240.453466666667,4377.639,5494.565723529412
2261289,2016-06-25,7,Produce,4862.583,1,46.4,0.0,0.0,0.0,0.0,2.0,0.0,1.0,0.0,0.0,0.0,0.0,25,5,6,2016,4570.658,4558.389,5837.973142857142,4766.032,5469.749544444444,5468.911,5582.223381818181,4457.411,5508.486846153846,4568.365,5363.375066666666,5001.554,5368.2099
2263071,2016-06-26,7,Produce,4961.13,1,46.1,0.0,0.0,0.0,0.0,0.0,0.0,0.0,0.0,0.0,0.0,0.0,26,6,6,2016,5793.02,5015.149,5702.546571428572,5449.0312,5454.424766666667,8420.216,5758.862272727273,7080.411,5542.740461538462,3299.207,5627.9202,4902.389,5338.094488235294
2264853,2016-06-27,7,Produce,5530.484,1,45.8,0.0,0.0,0.0,0.0,0.0,0.0,0.0,0.0,0.0,0.0,0.0,27,0,6,2016,5034.305,6516.741,5567.060571428572,4486.655,5734.401322222223,4536.289,5764.793454545455,6066.293,5681.240230769231,4750.653,5678.383,4977.833,5412.4719
2266635,2016-06-28,7,Produce,4552.076,2,47.93,0.0,0.0,0.0,0.0,0.0,0.0,0.0,0.0,0.0,0.0,0.0,28,1,6,2016,5600.428,5221.85,5653.456428571429,4596.356,5813.5714333333335,5134.357,6012.956545454545,7630.544,5552.773692307692,3900.464,5972.979333333334,5617.267,5288.703117647058
2268417,2016-06-29,7,Produce,7118.946,212,49.85,0.0,0.0,0.0,0.0,0.0,0.0,0.0,0.0,0.0,0.0,0.0,29,2,6,2016,6330.551,7898.388,5721.444428571428,5832.009,5577.438133333333,4720.252,5939.276909090909,4997.939,5845.004846153845,6219.86,6002.4978,4663.222,5457.530705882353
2270199,2016-06-30,7,Produce,4315.237,2,48.27,0.0,0.0,0.0,0.0,0.0,0.0,0.0,0.0,0.0,0.0,0.0,30,3,6,2016,5059.982,4570.658,5805.055714285714,5513.177,5554.366688888888,5982.467,5949.595818181818,5913.156,5916.149384615384,5816.815,6027.452533333333,8037.236,5454.935764705883
2271981,2016-07-01,7,Produce,5862.935,1,49.02,0.0,0.0,0.0,0.0,0.0,0.0,0.0,0.0,0.0,0.0,0.0,1,4,7,2016,7813.534,5793.02,5778.457142857143,8846.374,5506.1575555555555,6402.08,5993.002818181819,5171.054,5992.603153846153,5477.005,5922.0172,4912.937,5470.156529411765
2273763,2016-07-02,7,Produce,4832.856,1,48.447500000000005,0.0,0.0,0.0,0.0,0.0,0.0,0.0,0.0,0.0,0.0,0.0,2,5,7,2016,5004.399,5034.305,5755.333142857143,5519.06,5731.722666666667,5938.366,5584.11,6199.906,6007.802615384615,7006.204,6001.9122,5839.433,5333.212470588236
2275545,2016-07-03,7,Produce,5006.564,1,47.875,0.0,0.0,0.0,0.0,2.0,0.0,0.0,0.0,0.0,0.0,0.0,3,6,7,2016,5916.399,5600.428,5743.211142857143,5188.249,5801.222,8168.806,5748.5775454545455,6600.274,5879.342846153846,9276.148,6159.954,5340.422,5347.961882352941
2277327,2016-07-04,7,Produce,6056.579,1,47.302499999999995,0.0,0.0,0.0,0.0,0.0,0.0,0.0,0.0,0.0,0.0,0.0,4,0,7,2016,5966.824,6330.551,5805.174142857142,4558.389,6030.819666666667,4739.231,5726.629545454545,5226.449,5876.861538461539,5684.584,6310.455933333333,4254.183,5365.697294117647
2279109,2016-07-05,7,Produce,5065.78,1,46.73,0.0,0.0,0.0,0.0,0.0,0.0,0.0,0.0,0.0,0.0,0.0,5,1,7,2016,4105.41,5059.982,5822.799714285714,5015.149,5926.095333333334,5934.579,6045.686909090909,8308.755,5689.334846153845,8944.951,6475.113,6250.321,5369.585647058823
2280891,2016-07-06,7,Produce,7301.548,213,47.37,0.0,0.0,0.0,0.0,0.0,0.0,0.0,0.0,0.0,0.0,0.0,6,2,7,2016,5987.205,7813.534,5956.016714285714,6516.741,5586.833777777778,5946.388,5930.1708181818185,4464.98,5889.477538461539,6353.452,6584.699066666666,3460.67,5454.584529411764
2282673,2016-07-07,7,Produce,4389.257,0,45.22,0.0,0.0,0.0,0.0,0.0,0.0,0.0,0.0,0.0,0.0,0.0,7,3,7,2016,5095.364,5004.399,5742.442714285715,5221.85,5532.972111111111,3922.395,5862.514181818181,5786.669,5796.963076923076,6539.517,6562.954,7149.915,5379.741823529412
2284455,2016-07-08,7,Produce,5477.741,2,45.37,0.0,0.0,0.0,0.0,0.0,0.0,0.0,0.0,0.0,0.0,0.0,8,4,7,2016,8072.681,5916.399,5693.393285714286,7898.388,5578.7697777777785,6345.432,5802.6066363636355,4655.004,5836.937,5858.389,6558.401066666666,5604.546,5402.09194117647
2286237,2016-07-09,7,Produce,4632.068,1,45.156666666666666,0.0,0.0,0.0,0.0,0.0,0.0,0.0,0.0,0.0,0.0,0.0,9,5,7,2016,4517.351,5966.824,5698.447857142856,4570.658,5775.676666666667,4892.929,5592.649181818182,5410.434,5788.121153846154,6333.069,6610.017533333334,5720.022,5167.335411764706
2288019,2016-07-10,7,Produce,5084.874,2,44.94333333333333,0.0,0.0,0.0,0.0,0.0,0.0,0.0,0.0,0.0,0.0,0.0,10,6,7,2016,5046.888,4105.41,5735.468857142857,5793.02,5780.658111111112,8229.883,5739.4764545454545,6034.036,5789.771,6938.992,6631.5000666666665,4555.023,5149.12494117647
2289801,2016-07-11,7,Produce,5095.451,4,44.73,0.0,0.0,0.0,0.0,0.0,0.0,0.0,0.0,0.0,0.0,0.0,11,0,7,2016,4862.583,5987.205,5665.890571428571,5034.305,5924.746222222222,4711.79,5732.7527272727275,5192.697,5808.694923076923,5556.736,6387.367866666667,4628.379,5113.092529411764
2291583,2016-07-12,7,Produce,4656.5,3,46.82,0.0,0.0,0.0,0.0,0.0,0.0,0.0,0.0,0.0,0.0,0.0,12,1,7,2016,4961.13,5095.364,5541.674714285714,5600.428,5900.585000000001,5657.857,5928.971909090909,7599.794,5596.032307692308,7220.509,6611.9312666666665,5303.056,5061.351294117648
2293365,2016-07-13,7,Produce,6848.965,216,44.87,0.0,0.0,0.0,0.0,0.0,0.0,0.0,0.0,0.0,0.0,0.0,13,2,7,2016,5530.484,8072.681,5383.926,6330.551,5680.3640000000005,5279.383,6024.737,4710.468,5861.054230769231,5544.255,6341.0144,4968.491,5182.157882352941
2295147,2016-07-14,7,Produce,4480.074,3,45.64,0.0,0.0,0.0,0.0,0.0,0.0,0.0,0.0,0.0,0.0,0.0,14,3,7,2016,4552.076,4517.351,5506.171714285714,5059.982,5835.493555555556,5859.274,5934.919454545455,5690.715,5758.929861538461,5893.684,6315.679999999999,6422.814,5065.422882352941
2296929,2016-07-15,7,Produce,5178.613,3,45.93,0.0,0.0,0.0,0.0,0.0,0.0,0.0,0.0,0.0,0.0,0.0,15,4,7,2016,7118.946,5046.888,5440.925857142857,7813.534,5647.981333333333,6354.331,5985.914545454545,5565.3,5852.631323076924,5748.521,6264.758266666667,4344.941,5136.766176470589
2298711,2016-07-16,7,Produce,4664.533,3,45.696666666666665,0.0,0.0,0.0,0.0,0.0,0.0,0.0,0.0,0.0,0.0,0.0,16,5,7,2016,4315.237,4862.583,5363.3132857142855,5004.399,5753.859111111111,5860.618,5751.479727272727,6621.722,5854.829630769231,6251.252,6284.2588,5043.174,4968.7145294117645
2300493,2016-07-17,7,Produce,4401.057,1,45.46333333333333,0.0,0.0,0.0,0.0,0.0,0.0,0.0,0.0,0.0,0.0,0.0,17,6,7,2016,5862.935,4961.13,5227.065428571428,5916.399,5697.740888888889,8104.799,5898.279272727273,5472.46,5817.573553846154,7328.442,6311.3394,4046.375,4888.647117647059
2302275,2016-07-18,7,Produce,5629.384,1,45.23,0.0,0.0,0.0,0.0,0.0,0.0,0.0,0.0,0.0,0.0,0.0,18,0,7,2016,4832.856,5530.484,5198.192,5966.824,5891.310888888888,4975.811,5820.885818181819,5544.141,5865.910015384617,5614.165,6253.869333333334,4603.359,4877.714470588235
2304057,2016-07-19,7,Produce,4754.236,1,44.64,0.0,0.0,0.0,0.0,0.0,0.0,0.0,0.0,0.0,0.0,0.0,19,1,7,2016,5006.564,4552.076,5314.770142857144,4105.41,5831.018555555555,5357.439,6005.800881818182,7910.265,5701.995938461538,9053.035,6418.564666666667,5226.882,4869.886235294117
2305839,2016-07-20,7,Produce,6971.416,212,44.96,0.0,0.0,0.0,0.0,0.0,0.0,0.0,0.0,0.0,0.0,0.0,20,2,7,2016,6056.579,7118.946,5310.52342857143,5987.205,5523.613444444444,5453.875,5906.415245454546,4459.0522,5987.3611692307695,4881.198,6265.3474,4460.821,4954.023823529412
2307621,2016-07-21,7,Produce,3821.264,2,43.96,0.0,0.0,0.0,0.0,0.0,0.0,0.0,0.0,0.0,0.0,0.0,21,3,7,2016,5065.78,4315.237,5317.014,5095.364,5507.85611111111,5651.1,5824.115263636363,5873.123,5898.55916923077,5973.436,6263.188666666667,6307.895,4858.230529411764
2309403,2016-07-22,7,Produce,5064.1353,0,43.41,0.0,0.0,0.0,0.0,0.0,0.0,0.0,0.0,0.0,0.0,0.0,22,4,7,2016,7301.548,5862.935,5392.170428571429,8072.681,5401.715111111112,6326.585,5699.209536363636,5439.012,5865.409707692307,5775.691,6242.799866666666,4265.826,4846.473176470588
2311185,2016-07-23,7,Produce,4447.606,0,43.07333333333333,0.0,0.0,0.0,0.0,1.0,0.0,0.0,0.0,0.0,0.0,0.0,23,5,7,2016,4389.257,4832.856,5465.5567142857135,4517.351,5353.232888888889,4806.529,5380.260172727272,5549.707,5719.142784615384,6150.897,6227.247780000001,4673.506,4718.084647058823
2312967,2016-07-24,7,Produce,4659.628,0,42.736666666666665,1.0,0.0,0.0,0.0,0.0,0.0,0.0,0.0,0.0,1.0,0.0,24,6,7,2016,5477.741,5006.564,5491.642714285714,5046.888,5402.862444444445,7313.4487,5458.096354545455,5821.071,5758.374092307693,6739.278,6241.014046666666,4293.037,4722.987588235294
2314749,2016-07-25,7,Produce,5548.222,0,42.4,0.0,0.0,0.0,0.0,0.0,0.0,0.0,1.0,0.0,0.0,0.0,25,0,7,2016,4632.068,6056.579,5502.217,4862.583,5528.611444444444,4766.032,5472.254354545455,5468.911,5824.3694000000005,6076.941,6139.333246666666,4243.4,4723.445
2316531,2016-07-26,7,Produce,4302.265,0,42.16,0.0,0.0,0.0,0.0,0.0,0.0,0.0,0.0,0.0,0.0,0.0,26,1,7,2016,5084.874,5065.78,5447.189285714286,4961.13,5441.930666666666,5449.0312,5780.663354545454,8420.216,5672.6848615384615,8027.166,6290.215379999999,5534.167,4779.244941176471
2318313,2016-07-27,7,Produce,6462.253,212,41.9,0.0,0.0,0.0,0.0,0.0,0.0,0.0,0.0,0.0,0.0,0.0,27,2,7,2016,5095.451,7301.548,5418.5052857142855,5530.484,5196.403333333334,4486.655,5768.659718181818,4536.289,5958.050538461538,4922.25,5996.898913333333,4421.943,4830.810235294118
2320095,2016-07-28,7,Produce,3925.67,0,41.13,0.0,0.0,0.0,0.0,0.0,0.0,0.0,0.0,0.0,0.0,0.0,28,3,7,2016,4656.5,4389.257,5429.6924285714285,4552.076,5231.459444444445,4596.356,5665.174627272727,5134.357,5870.828076923077,5511.874,6041.766046666667,6058.718,4751.159058823529
2321877,2016-07-29,7,Produce,4203.679,0,41.54,0.0,0.0,0.0,0.0,0.0,0.0,0.0,0.0,0.0,0.0,0.0,29,4,7,2016,6848.965,5477.741,5292.388428571428,7118.946,5226.979,5832.009,5642.616445454545,4720.252,5908.948615384615,5587.852,5958.03418,3674.57,4723.340176470588
2323659,2016-07-30,7,Produce,4164.575,0,41.04333333333333,0.0,0.0,0.0,0.0,0.0,0.0,0.0,0.0,0.0,0.0,0.0,30,5,7,2016,4480.074,4632.068,5233.919857142857,4315.237,5359.645222222222,5513.177,5433.680109090908,5982.467,5939.462538461539,5515.2397,5823.21624,4768.616,4570.613764705883
2325441,2016-07-31,7,Produce,4040.076,0,40.54666666666667,0.0,0.0,0.0,0.0,0.0,0.0,0.0,0.0,0.0,0.0,0.0,31,6,7,2016,5178.613,5084.874,5169.265142857143,5862.935,5371.272999999999,8846.374,5592.835472727273,6402.08,5793.410538461538,6457.746,5691.172973333333,4240.209,4494.607
2327223,2016-08-01,7,Produce,5865.483,0,40.05,0.0,0.0,0.0,0.0,0.0,0.0,0.0,0.0,0.0,0.0,0.0,1,0,8,2016,4664.533,5095.451,5182.2390000000005,4832.856,5568.057888888889,5519.06,5572.182636363636,5938.366,5860.83523076923,5803.23,5578.980306666666,4428.291,4449.830594117647
2329005,2016-08-02,7,Produce,4350.342,0,39.5,0.0,0.0,0.0,0.0,0.0,0.0,0.0,0.0,0.0,0.0,0.0,2,1,8,2016,4401.057,4656.5,5139.506428571428,5006.564,5549.966888888888,5188.249,5882.340181818182,8168.806,5589.5054615384615,7877.397,5748.250706666667,5050.95,4504.8681235294125
2330787,2016-08-03,7,Produce,7237.321,222,40.8,0.0,0.0,0.0,0.0,0.0,0.0,0.0,0.0,0.0,0.0,0.0,3,2,8,2016,5629.384,6848.965,5144.144285714286,6056.579,5367.610777777778,4558.389,5880.004,4739.231,5873.628076923076,4653.288,5588.7696399999995,4994.974,4636.78835882353
2332569,2016-08-04,7,Produce,3825.918,0,41.92,0.0,0.0,0.0,0.0,0.0,0.0,0.0,0.0,0.0,0.0,0.0,4,3,8,2016,4754.236,4480.074,5046.456142857142,5065.78,5402.814222222222,5015.149,5876.459545454546,5934.579,5841.122923076923,5554.205,5658.3621066666665,5479.969,4581.75724117647
2334351,2016-08-05,7,Produce,4633.5103,0,41.83,0.0,0.0,0.0,0.0,1.0,0.0,0.0,0.0,0.0,0.0,0.0,5,4,8,2016,6971.416,5178.613,5122.732285714285,7301.548,5316.362999999999,6516.741,5832.925727272727,5946.388,5913.246384615384,4717.458,5661.067706666667,3872.812,4639.694829411766
2336133,2016-08-06,7,Produce,3948.223,0,42.24,0.0,0.0,0.0,0.0,0.0,0.0,0.0,0.0,0.0,0.0,0.0,6,5,8,2016,3821.264,4664.533,5136.694571428571,4389.257,5345.540222222222,5221.85,5537.839727272728,3922.395,5859.163,3753.4219,5643.18304,3987.9,4590.747182352941
2337915,2016-08-07,7,Produce,4446.921,0,42.65,0.0,0.0,0.0,0.0,0.0,0.0,0.0,0.0,0.0,0.0,0.0,7,6,8,2016,5064.1353,4401.057,5154.187571428572,5477.741,5306.644222222221,7898.388,5611.6116363636365,6345.432,5817.408692307692,4170.248,5756.715326666666,3711.546,4616.313711764706
2339697,2016-08-08,7,Produce,5257.641,0,43.06,0.0,0.0,0.0,0.0,0.0,0.0,0.0,0.0,0.0,0.0,0.0,8,0,8,2016,4447.606,5629.384,5060.071857142857,4632.068,5394.687111111111,4570.658,5599.951,4892.929,5849.405999999999,5056.388,5713.72946,2973.711,4612.8912411764695
2341479,2016-08-09,7,Produce,4584.043,0,42.78,0.0,0.0,0.0,0.0,0.0,0.0,0.0,0.0,0.0,0.0,0.0,9,1,8,2016,4659.628,4754.236,5043.717900000001,5084.874,5329.608666666667,5793.02,5895.873272727273,8229.883,5671.8530769230765,8615.997,5896.362926666667,3912.3071,4627.485064705883
2343261,2016-08-10,7,Produce,5916.82,212,41.75,0.0,0.0,0.0,0.0,0.0,0.0,0.0,0.0,1.0,0.0,0.0,10,2,8,2016,5548.222,6971.416,5012.728328571428,5095.451,5093.727,5034.305,5894.896000000001,4711.79,5930.742923076923,5634.95,5727.823393333334,5228.675,4707.878711764706
2345043,2016-08-11,7,Produce,4416.693,6,43.51,0.0,0.0,0.0,0.0,0.0,0.0,0.0,0.0,0.0,0.0,0.0,11,3,8,2016,4302.265,3821.264,5049.667042857143,4656.5,5124.313222222223,5600.428,5840.319454545454,5657.857,5856.991538461539,5966.137,5804.069726666667,6486.044,4653.644476470588
2346825,2016-08-12,7,Produce,4068.844,5,44.47,0.0,0.0,0.0,0.0,0.0,0.0,0.0,0.0,0.0,0.0,1.0,12,4,8,2016,6462.253,5064.1353,5038.072471428571,6848.965,5004.681666666667,6330.551,5908.044363636364,5279.383,5811.687769230769,5552.458,5821.556460000001,4598.638,4639.873417647059
2348607,2016-08-13,7,Produce,3838.457,5,44.88666666666666,0.0,0.0,0.0,0.0,0.0,0.0,0.0,0.0,0.0,0.0,0.0,13,5,8,2016,3925.67,4447.606,4973.505185714285,4480.074,5115.494555555556,5059.982,5563.228181818182,5859.274,5929.493923076923,5319.582,5925.717926666666,5406.882,4600.591829411765
2350389,2016-08-14,7,Produce,3939.196,5,45.303333333333335,0.0,0.0,0.0,0.0,0.0,0.0,0.0,0.0,0.0,0.0,0.0,14,6,8,2016,4203.679,4659.628,4900.767614285714,5178.613,5078.7570000000005,7813.534,5692.005181818182,6354.331,5876.08376923077,7218.224,6097.491,5226.608,4622.201123529412
2352171,2016-08-15,7,Produce,5435.281,5,45.72,0.0,0.0,0.0,0.0,1.0,0.0,0.0,0.0,0.0,0.0,0.0,15,0,8,2016,4164.575,5548.222,4915.682757142857,4664.533,5287.197555555556,5004.399,5628.581909090909,5860.618,5986.365,5812.958,6166.982733333333,4109.201,4720.7856529411765
2353953,2016-08-16,7,Produce,5494.396,4,46.57,0.0,0.0,0.0,0.0,0.0,0.0,0.0,0.0,0.0,0.0,0.0,16,1,8,2016,4040.076,4302.265,4792.760428571428,4401.057,5194.393555555555,5916.399,5904.797909090908,8104.799,5723.030076923077,8542.732,6376.495,4710.434,4776.699829411765
2355735,2016-08-17,7,Produce,6540.218,212,46.81,0.0,0.0,0.0,0.0,0.0,0.0,0.0,0.0,0.0,0.0,0.0,17,2,8,2016,5865.483,6462.253,4752.327428571429,5629.384,4996.079144444444,5966.824,5806.336363636364,4975.811,5923.15766923077,5349.304,6116.030066666667,4488.304,5028.33335882353
2357517,2016-08-18,7,Produce,4267.179,6,48.2,0.0,0.0,0.0,0.0,0.0,0.0,0.0,0.0,0.0,0.0,0.0,18,3,8,2016,4350.342,3925.67,4663.82,4754.236,4992.471588888889,4105.41,5689.639727272727,5357.439,5854.5557461538465,5796.983,6081.337266666667,5794.983,5062.23194117647
2359299,2016-08-19,7,Produce,5076.1357,6,48.48,0.0,0.0,0.0,0.0,0.0,0.0,0.0,0.0,0.0,0.0,0.0,19,4,8,2016,7237.321,4203.679,4709.143000000001,6971.416,4934.806588888889,5987.205,5671.694363636364,5453.875,5867.605607692308,5816.506,6062.295,4128.968,5058.0139
2361081,2016-08-20,7,Produce,4991.501,6,47.919999999999995,0.0,0.0,0.0,0.0,0.0,0.0,0.0,0.0,0.0,0.0,0.0,20,5,8,2016,3825.918,4164.575,4716.011142857143,3821.264,5032.994255555555,5095.364,5412.384909090909,5651.1,5762.01953076923,6279.88,6068.616933333334,4760.866,4959.108899999999
2362863,2016-08-21,7,Produce,5497.311,6,47.36,0.0,0.0,0.0,0.0,0.0,0.0,0.0,0.0,0.0,0.0,0.0,21,6,8,2016,4633.5103,4040.076,4826.735142857143,5064.1353,5022.017366666666,8072.681,5460.210818181818,6326.585,5626.790684615385,6330.018,6167.1552,4812.182,4991.534311764706
2364645,2016-08-22,7,Produce,5917.348,7,46.8,0.0,0.0,0.0,0.0,0.0,0.0,0.0,0.0,0.0,0.0,0.0,22,0,8,2016,3948.223,5865.483,4812.484857142857,4447.606,5114.558366666667,4517.351,5336.1814545454545,4806.529,5624.589992307693,5212.624,6064.606220000001,4240.17,5001.597429411764
2366427,2016-08-23,7,Produce,5043.31,6,47.54,0.0,0.0,0.0,0.0,0.0,0.0,0.0,0.0,0.0,0.0,0.0,23,1,8,2016,4446.921,4350.342,4873.889328571428,4659.628,5022.495477777778,5046.888,5440.919818181817,7313.4487,5425.234453846154,8199.072,6260.289686666667,5663.837,5080.923311764705
2368209,2016-08-24,7,Produce,6800.179,212,46.29,0.0,0.0,0.0,0.0,1.0,0.0,0.0,0.0,0.0,0.0,0.0,24,2,8,2016,5257.641,7237.321,4842.9819,5548.222,4714.969144444443,4862.583,5459.995,4766.032,5722.970069230769,4709.023,5996.872686666667,4662.087,5297.017252941177
2369991,2016-08-25,7,Produce,4686.987,7,46.97,0.0,0.0,0.0,0.0,0.0,0.0,0.0,0.0,0.0,0.0,0.0,25,3,8,2016,4584.043,3825.918,4901.1026142857145,4302.265,4753.1148111111115,4961.13,5448.697727272727,5449.0312,5735.402453846154,5114.558,6016.153153333333,7251.481,5292.88395882353
2371773,2016-08-26,7,Produce,5846.593,7,47.64,0.0,0.0,0.0,0.0,0.0,0.0,0.0,0.0,0.0,0.0,0.0,26,4,8,2016,5916.82,4633.5103,4814.268042857143,6462.253,4639.330444444445,5530.484,5424.833363636364,4486.655,5714.969684615384,5680.503,5982.24322,4488.583,5323.151252941177
2373555,2016-08-27,7,Produce,5051.045,7,47.416666666666664,0.0,0.0,0.0,0.0,0.0,0.0,0.0,0.0,0.0,0.0,0.0,27,5,8,2016,4416.693,3948.223,4847.653899999999,3925.67,4796.872333333334,4552.076,5146.095454545455,4596.356,5630.914992307693,5647.287,5950.38102,5156.9683,5308.08478235294
2375337,2016-08-28,7,Produce,4769.797,7,47.193333333333335,0.0,0.0,0.0,0.0,0.0,0.0,0.0,0.0,0.0,0.0,0.0,28,6,8,2016,4068.844,4446.921,4659.0109,4203.679,4762.5072222222225,7118.946,5286.025272727273,5832.009,5530.0353,6797.656,5962.763820000001,4804.659,5356.734782352941
2377119,2016-08-29,7,Produce,6092.569,7,46.97,0.0,0.0,0.0,0.0,0.0,0.0,0.0,0.0,0.0,0.0,0.0,29,0,8,2016,3838.457,5257.641,4743.407328571428,4164.575,4950.184888888889,4315.237,5287.742727272727,5513.177,5661.5900692307705,5679.9893,5859.70802,5149.87,5411.997135294117
2378901,2016-08-30,7,Produce,4790.174,7,46.32,0.0,0.0,0.0,0.0,0.0,0.0,0.0,0.0,0.0,0.0,0.0,30,1,8,2016,3939.196,4584.043,4662.740714285714,4040.076,4897.257444444444,5862.935,5509.466818181819,8846.374,5500.697861538461,8748.21,6054.182686666667,5577.955,5358.313135294118
2380683,2016-08-31,7,Produce,7327.325,220,44.68,0.0,0.0,0.0,0.0,0.0,0.0,0.0,0.0,0.0,0.0,0.0,31,2,8,2016,5435.281,5916.82,4647.059857142857,5865.483,4694.06381111111,4832.856,5457.478363636364,5519.06,5741.648323076924,4591.477,5800.96022,6575.148,5553.00484117647
2382465,2016-09-01,7,Produce,5010.617,7,43.17,0.0,0.0,0.0,0.0,0.0,0.0,0.0,0.0,0.0,0.0,0.0,1,3,9,2016,5494.396,4416.693,4574.527714285714,4350.342,4696.5697,5006.564,5452.683545454545,5188.249,5674.081153846153,5638.511,5822.830086666667,7782.798,5497.126899999999
2384247,2016-09-02,7,Produce,6028.602,1,44.39,0.0,0.0,0.0,0.0,0.0,0.0,0.0,0.0,0.0,0.0,0.0,2,4,9,2016,6540.218,4068.844,4599.904857142857,7237.321,4723.5965888888895,6056.579,5459.955545454545,4558.389,5774.570769230769,5288.334,5866.036553333333,4640.168,5560.7320176470585
2386029,2016-09-03,7,Produce,5349.925,1,44.505,0.0,0.0,0.0,0.0,0.0,0.0,0.0,0.0,0.0,0.0,0.0,3,5,9,2016,4267.179,3838.457,4729.955285714285,3825.918,4845.048366666666,5065.78,5275.039909090909,5015.149,5808.259153846153,5338.573,5860.58382,5002.848,5451.368958823529
2387811,2016-09-04,7,Produce,5251.016,1,44.620000000000005,0.0,0.0,0.0,0.0,0.0,0.0,0.0,0.0,0.0,0.0,0.0,4,6,9,2016,5076.1357,3939.196,4819.012142857143,4633.5103,4905.489144444444,7301.548,5345.968454545455,6516.741,5790.445230769231,6465.622,5857.888886666667,5538.853,5490.784958823529
2389593,2016-09-05,7,Produce,5955.597,1,44.735,0.0,0.0,0.0,0.0,0.0,0.0,0.0,0.0,0.0,0.0,0.0,5,0,9,2016,4991.501,5435.281,4797.652999999999,3948.223,4911.193255555555,4389.257,5236.292545454545,5221.85,5853.320153846154,4784.181,5715.58022,4956.018,5524.662235294118
2391375,2016-09-06,7,Produce,5457.936,1,44.85,0.0,0.0,0.0,0.0,0.0,0.0,0.0,0.0,0.0,0.0,0.0,6,1,9,2016,5497.311,5494.396,4941.551814285714,4446.921,4918.565588888889,5477.741,5419.575181818182,7898.388,5562.059230769231,8129.744,5888.576266666667,5700.326,5546.3687058823525
2393157,2016-09-07,7,Produce,7804.906,219,45.47,0.0,0.0,0.0,0.0,0.0,0.0,0.0,0.0,0.0,0.0,0.0,7,2,9,2016,5917.348,6540.218,5106.2723857142855,5257.641,4566.51258888889,4632.068,5371.712454545454,4570.658,5738.557230769231,4400.735,5615.9242,3899.554,5728.654176470587
2394939,2016-09-08,7,Produce,4617.14,0,47.63,0.0,0.0,0.0,0.0,0.0,0.0,0.0,0.0,0.0,0.0,0.0,8,3,9,2016,5043.31,4267.179,5328.860242857142,4584.043,4567.905811111111,5084.874,5291.8973636363635,5793.02,5724.4149230769235,5037.071,5696.420933333334,7549.929,5702.314352941177
2396721,2016-09-09,7,Produce,5760.059,0,45.88,0.0,0.0,0.0,0.0,0.0,0.0,0.0,0.0,0.0,0.0,0.0,9,4,9,2016,6800.179,5076.1357,5397.726957142857,5916.82,4490.759777777777,5095.451,5255.420363636364,5034.305,5828.877230769232,5762.655,5656.421266666667,4713.912,5617.866588235294
2398503,2016-09-10,7,Produce,5119.815,0,46.013333333333335,0.0,0.0,0.0,0.0,0.0,0.0,0.0,0.0,0.0,0.0,0.0,10,5,9,2016,4686.987,4991.501,5333.286099999999,4416.693,4655.988444444443,4656.5,4991.739363636364,5600.428,5902.083,5598.712,5633.640333333334,5743.374,5473.898529411765
2400285,2016-09-11,7,Produce,5415.921,0,46.14666666666667,0.0,0.0,0.0,0.0,0.0,0.0,0.0,0.0,0.0,0.0,0.0,11,6,9,2016,5846.593,5497.311,5370.423385714285,4068.844,4772.374555555554,6848.965,5104.478181818182,6330.551,5716.596,5606.863,5661.376066666667,5392.309,5505.7447647058825
2402067,2016-09-12,7,Produce,5510.403,0,46.28,0.0,0.0,0.0,0.0,0.0,0.0,0.0,0.0,0.0,0.0,0.0,12,0,9,2016,5051.045,5917.348,5430.395957142858,3838.457,4914.88311111111,4480.074,5038.705,5059.982,5775.4694615384615,4663.026,5550.319733333334,5158.655,5544.50405882353
2403849,2016-09-13,7,Produce,4978.34,0,44.91,0.0,0.0,0.0,0.0,0.0,0.0,0.0,0.0,0.0,0.0,0.0,13,1,9,2016,4769.797,5043.31,5540.4612857142865,3939.196,4879.676,5178.613,5251.3730000000005,7813.534,5559.852230769231,8274.93,5691.141933333333,5732.882,5518.218588235294
2405631,2016-09-14,7,Produce,7209.868,220,43.62,0.0,0.0,0.0,0.0,0.0,0.0,0.0,0.0,0.0,0.0,0.0,14,2,9,2016,6092.569,6800.179,5548.967571428571,5435.281,4786.266633333334,4664.533,5136.499363636364,5004.399,5829.2386153846155,4658.429,5449.808999999999,5173.669,5699.977235294118
2407413,2016-09-15,7,Produce,4709.807,0,43.85,0.0,0.0,0.0,0.0,0.0,0.0,0.0,0.0,0.0,0.0,0.0,15,3,9,2016,4790.174,4686.987,5445.036999999999,5494.396,4850.134188888889,4401.057,5133.652481818182,5916.399,5731.11023076923,5798.928,5392.433399999999,8248.723,5635.328882352941
2409195,2016-09-16,7,Produce,5246.42,1,43.04,0.0,0.0,0.0,0.0,0.0,0.0,0.0,0.0,0.0,0.0,0.0,16,4,9,2016,7327.325,5846.593,5470.068571428571,6540.218,5008.852744444444,5629.384,5114.662118181818,5966.824,5732.078153846154,5038.516,5376.1466666666665,5130.178,5720.443705882353
2410977,2016-09-17,7,Produce,5109.274,1,43.14,0.0,0.0,0.0,0.0,0.0,0.0,0.0,0.0,0.0,0.0,0.0,17,5,9,2016,5010.617,5051.045,5433.906285714286,4267.179,5239.840633333333,4754.236,4915.631481818182,4105.41,5675.320846153846,4946.62,5289.1304,5139.536,5555.392705882353
2412759,2016-09-18,7,Produce,5296.477,1,43.24,0.0,0.0,0.0,0.0,0.0,0.0,0.0,0.0,0.0,0.0,0.0,18,6,9,2016,6028.602,4769.797,5509.212857142857,5076.1357,5362.519966666667,6971.416,5012.735845454546,5987.205,5569.9807692307695,5754.609,5387.910333333333,5335.341,5617.422176470588
2414541,2016-09-19,7,Produce,6443.853,1,43.34,0.0,0.0,0.0,0.0,0.0,0.0,0.0,0.0,0.0,0.0,0.0,19,0,9,2016,5349.925,6092.569,5555.445714285714,4991.501,5514.1753,3821.264,4933.067845454545,5095.364,5606.17323076923,4799.777,5418.539000000001,5181.554,5646.4238235294115
2416323,2016-09-20,7,Produce,4996.733,2,43.85,0.0,0.0,0.0,0.0,0.0,0.0,0.0,0.0,0.0,0.0,0.0,20,1,9,2016,5251.016,4790.174,5581.447,5497.311,5424.463188888889,5064.1353,5096.496936363636,8072.681,5355.291846153846,6896.514,5616.373533333333,5661.756,5647.183117647059
2418105,2016-09-21,7,Produce,7772.711,224,45.33,0.0,0.0,0.0,0.0,0.0,0.0,0.0,0.0,0.0,0.0,0.0,21,2,9,2016,5955.597,7327.325,5624.1441428571425,5917.348,5347.393744444445,4447.606,5053.279936363636,4517.351,5517.949307692308,4509.75,5397.907466666667,5092.0,5835.4645294117645
2419887,2016-09-22,7,Produce,4512.342,2,46.1,0.0,0.0,0.0,0.0,0.0,0.0,0.0,0.0,0.0,0.0,0.0,22,3,9,2016,5457.936,5010.617,5692.889714285715,5043.31,5434.489966666666,4659.628,4923.67039090909,5046.888,5394.783,3540.101,5481.555933333333,8045.915,5839.179470588236
2421669,2016-09-23,7,Produce,5870.105,1,44.36,0.0,0.0,0.0,0.0,0.0,0.0,0.0,0.0,0.0,0.0,0.0,23,4,9,2016,7804.906,6028.602,5673.322285714285,6800.179,5400.452333333333,5548.222,4870.064845454545,4862.583,5386.791538461538,4792.77,5439.697666666666,4601.304,5887.396941176471
2423451,2016-09-24,7,Produce,5209.355,1,44.77333333333333,0.0,0.0,0.0,0.0,0.0,0.0,0.0,0.0,0.0,0.0,0.0,24,5,9,2016,4617.14,5349.925,5768.7168571428565,4686.987,5522.7932222222225,4302.265,4603.579390909091,4961.13,5442.748923076922,4457.411,5517.123666666667,5346.506,5737.90088235294
2425233,2016-09-25,7,Produce,5597.237,0,45.18666666666667,0.0,0.0,0.0,0.0,0.0,0.0,0.0,0.0,0.0,0.0,0.0,25,6,9,2016,5760.059,5251.016,5836.942714285715,5846.593,5444.222444444445,6462.253,4789.417481818182,5530.484,5367.3150000000005,7080.411,5627.367266666666,4744.062,5764.0315294117645
2427015,2016-09-26,7,Produce,6472.2393,1,45.6,0.0,0.0,0.0,0.0,0.0,0.0,0.0,0.0,0.0,0.0,0.0,26,0,9,2016,5119.815,5955.597,5780.731714285715,5051.045,5600.886555555557,3925.67,4724.527181818182,4552.076,5441.254615384615,6066.293,5592.1566,5768.413,5839.653117647059
2428797,2016-09-27,7,Produce,5306.265,1,44.65,0.0,0.0,0.0,0.0,0.0,0.0,0.0,0.0,0.0,0.0,0.0,27,1,9,2016,5415.921,5457.936,5742.368428571429,4769.797,5597.254,4203.679,4978.137636363636,7118.946,5209.9545384615385,7630.544,5826.088466666666,6236.402,5831.706294117647
2430579,2016-09-28,7,Produce,7150.627,227,47.07,0.0,0.0,0.0,0.0,1.0,0.0,0.0,0.0,0.0,0.0,0.0,28,2,9,2016,5510.403,7804.906,5709.495571428571,6092.569,5511.523222222222,4164.575,4902.345818181819,4315.237,5424.123538461538,4997.939,5663.9862,5405.217,5987.3751764705885
2432361,2016-09-29,7,Produce,3959.688,1,47.72,0.0,0.0,0.0,0.0,0.0,0.0,0.0,0.0,0.0,0.0,0.0,29,3,9,2016,4978.34,4617.14,5733.053428571428,4790.174,5585.183,4040.076,4819.19020909091,5862.935,5373.536538461539,5913.156,5749.1141333333335,8359.439,5948.065058823529
2434143,2016-09-30,7,Produce,5279.233,3,47.72,0.0,0.0,0.0,0.0,0.0,0.0,0.0,0.0,0.0,0.0,0.0,30,4,9,2016,7209.868,5760.059,5669.454285714286,7327.325,5519.007777777778,5865.483,4787.004572727273,4832.856,5420.856384615385,5171.054,5823.441000000001,5796.036,5928.780470588235
2435925,2016-10-01,7,Produce,5494.829,3,48.08,0.0,0.0,0.0,0.0,0.0,0.0,0.0,0.0,0.0,0.0,0.0,1,5,10,2016,4709.807,5119.815,5600.940571428572,5010.617,5619.513555555556,4350.342,4603.792572727272,5006.564,5395.5439230769225,6199.906,5864.6186,5993.366,5715.526764705882
2437707,2016-10-02,7,Produce,6345.965,2,48.44,0.0,0.0,0.0,0.0,0.0,0.0,0.0,0.0,0.0,0.0,0.0,2,6,10,2016,5246.42,5415.921,5515.935142857144,6028.602,5695.973444444444,7237.321,4724.880845454545,6056.579,5361.266230769231,6600.274,5969.726933333333,5707.29,5714.359764705883
2439489,2016-10-03,7,Produce,6679.768,2,48.8,0.0,0.0,0.0,0.0,0.0,0.0,0.0,0.0,0.0,0.0,0.0,3,0,10,2016,5109.274,5510.403,5529.173285714286,5349.925,5886.233111111111,3825.918,4759.459390909091,5065.78,5403.064307692307,5226.449,5843.879333333333,5574.399,5762.479529411765
2441271,2016-10-04,7,Produce,5453.434,3,48.67,0.0,0.0,0.0,0.0,0.0,0.0,0.0,0.0,0.0,0.0,0.0,4,1,10,2016,5296.477,4978.34,5455.796285714286,5251.016,5867.007111111111,4633.5103,4918.75439090909,7301.548,5213.6453846153845,8308.755,5946.1127333333325,6425.103,5768.068235294118
2443053,2016-10-05,7,Produce,8019.838,230,49.75,0.0,0.0,0.0,0.0,0.0,0.0,0.0,0.0,0.0,0.0,0.0,5,2,10,2016,6443.853,7209.868,5454.290428571428,5955.597,5692.866444444445,3948.223,4952.992299999999,4389.257,5408.547538461538,4464.98,5751.441000000001,5200.245,5847.560705882353
2444835,2016-10-06,7,Produce,4667.19,31,50.44,0.0,0.0,0.0,0.0,0.0,0.0,0.0,0.0,0.0,0.0,0.0,6,3,10,2016,4996.733,4709.807,5437.227,5457.936,5704.999555555555,4446.921,4789.6614818181815,5477.741,5302.173615384615,5786.669,5797.626066666667,7827.925,5786.526764705883
2446617,2016-10-07,7,Produce,5824.525,39,49.76,0.0,0.0,0.0,0.0,1.0,0.0,0.0,0.0,0.0,0.0,0.0,7,4,10,2016,7772.711,5246.42,5570.577,7804.906,5636.923888888889,5257.641,4743.126481818182,4632.068,5328.770307692307,4655.004,5774.435666666667,4993.484,5781.581647058824
2448399,2016-10-08,7,Produce,5375.976,39,49.76,0.0,0.0,0.0,0.0,0.0,0.0,0.0,0.0,0.0,0.0,0.0,8,5,10,2016,4512.342,5109.274,5573.204571428571,4617.14,5654.754777777777,4584.043,4443.296936363636,5084.874,5302.46023076923,5410.434,5871.146866666666,4764.162,5559.643823529412
2450181,2016-10-09,7,Produce,6053.604,39,49.76,0.0,0.0,0.0,0.0,0.0,1.0,0.0,0.0,0.0,0.0,0.0,9,6,10,2016,5870.105,5296.477,5653.6107142857145,5760.059,5624.457444444444,5916.82,4589.602663636364,5095.451,5175.112384615384,6034.036,5822.650466666667,4420.602,5549.459117647059
2451963,2016-10-10,7,Produce,5792.31,39,49.76,0.0,0.0,0.0,0.0,0.0,0.0,0.0,0.0,0.0,0.0,0.0,10,0,10,2016,5209.355,6443.853,5625.401428571428,5119.815,5763.8208888888885,4416.693,4667.865,4656.5,5218.466538461538,5192.697,5752.241599999999,4581.465,5572.016235294118
2453745,2016-10-11,7,Produce,5622.068,40,50.72,0.0,0.0,0.0,0.0,0.0,0.0,0.0,0.0,0.0,0.0,0.0,11,1,10,2016,5597.237,4996.733,5714.499285714286,5415.921,5680.6954444444455,4068.844,4903.500909090909,6848.965,5022.519461538462,7599.794,5931.162666666667,6164.542,5544.1125411764715
2455527,2016-10-12,7,Produce,7471.457,229,50.14,0.0,0.0,0.0,0.0,0.0,0.0,0.0,0.0,0.0,0.0,0.0,12,2,10,2016,6472.2393,7772.711,5728.796571428572,5510.403,5396.419222222223,3838.457,4887.160727272727,4480.074,5221.147076923076,4710.468,5674.515813333333,4839.07,5669.437952941176
2457309,2016-10-13,7,Produce,4814.393,38,50.47,0.0,0.0,0.0,0.0,0.0,0.0,0.0,0.0,0.0,0.0,0.0,13,3,10,2016,5306.265,4512.342,5771.762285714285,4978.34,5451.100777777779,3939.196,4870.6602454545455,5178.613,5093.725769230769,5690.715,5768.392013333333,7119.785,5573.60665882353
2459091,2016-10-14,7,Produce,5290.605,40,50.35,0.0,0.0,0.0,0.0,0.0,0.0,0.0,0.0,0.0,0.0,0.0,14,4,10,2016,7150.627,5870.105,5775.8174714285715,7209.868,5399.591666666667,5435.281,4907.701881818181,4664.533,5126.961715384615,5565.3,5745.2148799999995,5198.825,5608.862894117648
2460873,2016-10-15,7,Produce,4883.183,39,50.223333333333336,0.0,0.0,0.0,0.0,0.0,0.0,0.0,0.0,0.0,0.0,0.0,15,5,10,2016,3959.688,5209.355,5820.036328571428,4709.807,5546.706999999999,5494.396,4869.5647,4401.057,5077.941100000001,6621.722,5804.8617466666665,5321.15,5415.867423529411
2462655,2016-10-16,7,Produce,5715.166,38,50.096666666666664,0.0,0.0,0.0,0.0,0.0,0.0,0.0,0.0,0.0,0.0,0.0,16,6,10,2016,5279.233,5597.237,5731.167185714286,5246.42,5500.1305555555555,6540.218,5005.987881818181,5629.384,5044.416253846154,5472.46,5832.237546666667,4586.496,5436.638423529412
2464437,2016-10-17,7,Produce,6733.126,36,49.97,0.0,0.0,0.0,0.0,0.0,0.0,0.0,0.0,0.0,0.0,0.0,17,0,10,2016,5494.829,6472.2393,5652.216614285715,5109.274,5751.498111111111,4267.179,5094.5757,4754.236,5113.010253846154,5544.141,5794.562546666667,5622.896,5494.552541176471
2466219,2016-10-18,7,Produce,4898.824,37,50.3,0.0,0.0,0.0,0.0,0.0,0.0,0.0,0.0,0.0,0.0,0.0,18,1,10,2016,6345.965,5306.265,5567.806328571429,5296.477,5699.720555555556,5076.1357,5363.823154545455,6971.416,4917.110253846154,7910.265,6009.73048,6376.837,5504.353423529413
2468001,2016-10-19,7,Produce,8379.503,227,51.59,0.0,0.0,0.0,0.0,0.0,0.0,0.0,0.0,0.0,0.0,0.0,19,2,10,2016,6679.768,7150.627,5608.588328571429,6443.853,5550.858,4991.501,5431.804154545454,3821.264,5069.585561538461,4459.0522,5805.496813333333,5232.9272,5632.4369705882345
2469783,2016-10-20,7,Produce,4771.996,36,50.31,0.0,0.0,0.0,0.0,0.0,0.0,0.0,0.0,0.0,0.0,0.0,20,3,10,2016,5453.434,3959.688,5715.549471428572,4996.733,5606.363333333333,5497.311,5469.196154545455,5064.1353,4973.205330769231,5873.123,5833.75608,7704.931,5519.937735294117
2471565,2016-10-21,7,Produce,5640.276,39,50.61,0.0,0.0,0.0,0.0,0.0,0.0,0.0,0.0,0.0,0.0,0.0,21,4,10,2016,8019.838,5279.233,5745.196428571428,7772.711,5645.343,5917.348,5428.891518181818,4447.606,4937.755023076923,5439.012,5769.058546666666,4795.971,5529.240794117647
2473347,2016-10-22,7,Produce,4524.54,38,50.46666666666667,0.0,0.0,0.0,0.0,0.0,0.0,0.0,0.0,0.0,0.0,0.0,22,5,10,2016,4667.19,5494.829,5766.220571428572,4512.342,5796.7835888888885,5043.31,5267.944154545455,4659.628,4919.5641,5549.707,5796.86968,5799.601,5362.371617647059
2475129,2016-10-23,7,Produce,5689.894,38,50.32333333333333,0.0,0.0,0.0,0.0,0.0,0.0,0.0,0.0,0.0,0.0,0.0,23,6,10,2016,5824.525,6345.965,5890.393571428572,5870.105,5797.871144444444,6800.179,5433.8886999999995,5548.222,4797.309638461538,5821.071,5782.22688,4547.002,5273.863029411765
2476911,2016-10-24,7,Produce,5839.624,35,50.18,0.0,0.0,0.0,0.0,0.0,0.0,0.0,0.0,0.0,0.0,0.0,24,0,10,2016,5375.976,6679.768,5991.4652857142855,5209.355,5876.401588888889,4686.987,5407.892181818182,4302.265,4882.7901769230775,5468.911,5813.28728,5346.591,5195.0415
2478693,2016-10-25,7,Produce,5249.799,38,49.45,0.0,0.0,0.0,0.0,0.0,0.0,0.0,0.0,0.0,0.0,0.0,25,1,10,2016,6053.604,5453.434,6069.364142857143,5597.237,5761.174366666667,5846.593,5620.239818181819,6462.253,4681.1691,8420.216,5988.264946666667,5748.702,5244.994794117646
2480475,2016-10-26,7,Produce,6916.788,235,48.75,0.0,0.0,0.0,0.0,0.0,0.0,0.0,0.0,0.0,0.0,0.0,26,2,10,2016,5792.31,8019.838,6052.3851428571425,6472.2393,5484.121255555556,5051.045,5575.9949090909095,3925.67,4943.942715384615,4536.289,5776.862680000001,4587.217,5484.913735294118
2482257,2016-10-27,7,Produce,4470.786,0,49.71,0.0,0.0,0.0,0.0,0.0,0.0,0.0,0.0,0.0,0.0,0.0,27,3,10,2016,5622.068,4667.19,6010.619285714286,5306.265,5593.286477777778,4769.797,5586.108909090909,4203.679,4848.695230769231,5134.357,5875.231133333334,6758.8853,5447.4645
2484039,2016-10-28,7,Produce,4517.794,1,48.72,0.0,0.0,0.0,0.0,0.0,0.0,0.0,0.0,0.0,0.0,0.0,28,4,10,2016,7471.457,5824.525,5883.839571428572,7150.627,5646.159811111112,6092.569,5613.982999999999,4164.575,4862.9955615384615,4720.252,5880.115466666666,4252.055,5474.429429411764
2485821,2016-10-29,7,Produce,4306.484,1,48.089999999999996,0.0,0.0,0.0,0.0,0.0,0.0,0.0,0.0,0.0,0.0,0.0,29,5,10,2016,4814.393,5375.976,5907.9301428571425,3959.688,5809.5390333333335,4790.174,5473.150000000001,4040.076,4808.2721,5982.467,5779.007666666667,4997.222,5307.27784117647
2487603,2016-10-30,7,Produce,4456.242,1,47.46,0.0,0.0,0.0,0.0,0.0,0.0,0.0,0.0,0.0,0.0,0.0,30,6,10,2016,5290.605,6053.604,5829.589999999999,5279.233,5793.560922222223,7327.325,5588.478181818182,5865.483,4723.556638461539,6402.08,5832.056,4283.009,5373.806135294118
2489385,2016-10-31,7,Produce,4309.063,1,46.83,0.0,0.0,0.0,0.0,0.0,0.0,0.0,0.0,0.0,0.0,0.0,31,0,10,2016,4883.183,5792.31,5850.619,5494.829,5965.516333333333,5010.617,5553.1457272727275,4350.342,4797.0471,5938.366,5770.179866666667,3694.179,5379.067841176471
2491167,2016-11-01,7,Produce,4835.559,1,46.66,0.0,0.0,0.0,0.0,0.0,0.0,0.0,0.0,0.0,0.0,0.0,1,1,11,2016,5715.166,5622.068,5774.344714285714,6345.965,5894.508,6028.602,5803.496727272727,7237.321,4652.569407692307,8168.806,5954.244666666666,3981.184,5413.198429411765
2492949,2016-11-02,7,Produce,5028.534,234,45.32,0.0,0.0,0.0,0.0,0.0,1.0,0.0,0.0,0.0,0.0,0.0,2,2,11,2016,6733.126,7471.457,5703.9457142857145,6679.768,5747.163333333334,5349.925,5789.618818181818,3825.918,4805.734792307692,4739.231,5707.016266666667,5435.702,5567.738976470589
2494731,2016-11-03,7,Produce,2841.147,1,44.66,0.0,0.0,0.0,0.0,0.0,1.0,0.0,0.0,0.0,0.0,0.0,3,3,11,2016,4898.824,4814.393,5655.597428571428,5453.434,5904.528666666667,5251.016,5759.390636363636,4633.5103,4822.120484615384,5934.579,5781.787466666667,9701.518,5478.635564705883
2496513,2016-11-04,7,Produce,3913.496,1,44.07,0.0,0.0,1.0,0.0,0.0,0.0,0.0,0.0,0.0,0.0,0.0,4,4,11,2016,8379.503,5290.605,5789.999714285715,8019.838,5990.569888888889,5955.597,5789.358,3948.223,4814.756561538461,5946.388,5791.455866666667,5740.2,5525.7080352941175
2498295,2016-11-05,7,Produce,3516.372,1,44.34,0.0,0.0,0.0,0.0,0.0,0.0,0.0,0.0,0.0,0.0,0.0,5,5,11,2016,4771.996,4883.183,5686.679142857143,4667.19,6023.623333333333,5457.936,5615.594,4446.921,4799.247407692307,3922.395,5867.390666666667,5691.331,5417.056841176471
2500077,2016-11-06,7,Produce,5905.515,1,44.61,0.0,0.0,0.0,0.0,0.0,0.0,1.0,0.0,0.0,0.0,0.0,6,6,11,2016,5640.276,5715.166,5816.400000000001,5824.525,5943.190333333333,7804.906,5661.029090909091,5257.641,4651.071484615384,6345.432,5892.1816,4863.354,5494.143547058824
2501859,2016-11-07,7,Produce,8035.999,0,44.88,0.0,0.0,0.0,0.0,0.0,0.0,1.0,0.0,0.0,0.0,0.0,7,0,11,2016,4524.54,6733.126,5810.343285714286,5375.976,6031.155777777778,4617.14,5565.550727272727,4584.043,4734.528330769231,4892.929,5856.084133333334,5926.952,5590.191017647059
2503641,2016-11-08,7,Produce,5645.298,1,44.96,0.0,0.0,0.0,0.0,0.0,0.0,0.0,0.0,0.0,0.0,0.0,8,1,11,2016,5689.894,4898.824,5860.296285714286,6053.604,5960.151222222222,5760.059,5734.636454545455,5916.82,4600.457176923077,8229.883,6000.513000000001,5889.05,5678.0363705882355
2505423,2016-11-09,7,Produce,8200.484,228,45.2,0.0,0.0,0.0,0.0,0.0,0.0,0.0,0.0,0.0,0.0,0.0,9,2,11,2016,5839.624,8379.503,5809.061571428572,5792.31,5656.903111111112,5119.815,5685.435636363636,4416.693,4809.249484615384,4711.79,5787.6466666666665,5127.222,5930.938664705883
2507205,2016-11-10,7,Produce,4794.447,1,44.62,0.0,0.0,0.0,0.0,1.0,0.0,0.0,0.0,0.0,0.0,0.0,10,3,11,2016,5249.799,4771.996,5805.451285714285,5622.068,5680.902333333333,5415.921,5620.965,4068.844,4781.0701538461535,5657.857,5828.8605333333335,7973.7803,6000.015958823529
2508987,2016-11-11,7,Produce,5637.726,1,43.39,0.0,0.0,0.0,0.0,1.0,0.0,0.0,0.0,0.0,0.0,0.0,11,4,11,2016,6916.788,5640.276,5677.808142857143,7471.457,5668.751333333334,5510.403,5589.268454545455,3838.457,4867.832669230769,5279.383,5796.8135999999995,4233.944,5995.739547058824
2510769,2016-11-12,7,Produce,5134.174,1,43.35666666666667,0.0,0.0,0.0,0.0,1.0,0.0,0.0,0.0,0.0,0.0,0.0,12,5,11,2016,4470.786,4524.54,5727.947428571429,4814.393,5819.545777777778,4978.34,5361.229454545455,3939.196,4909.723438461538,5859.274,5777.127733333333,5387.449,5708.94884117647
2512551,2016-11-13,7,Produce,5888.601,1,43.32333333333333,0.0,0.0,0.0,0.0,0.0,0.0,0.0,0.0,0.0,0.0,0.0,13,6,11,2016,4517.794,5689.894,5518.988142857143,5290.605,5691.236888888889,7209.868,5527.294272727273,5435.281,4928.159592307692,6354.331,5937.407066666667,4911.815,5708.233311764706
2514333,2016-11-14,7,Produce,6546.901,0,43.29,0.0,0.0,0.0,0.0,0.0,0.0,0.0,0.0,0.0,0.0,0.0,14,0,11,2016,4306.484,5839.624,5475.958142857143,4883.183,5978.702777777778,4709.807,5457.901,5494.396,5030.7215153846155,5860.618,5834.813533333333,5562.529,5748.286135294118
2516115,2016-11-15,7,Produce,4949.971,0,45.86,0.0,0.0,0.0,0.0,0.0,0.0,0.0,0.0,0.0,0.0,0.0,15,1,11,2016,4456.242,5249.799,5315.603571428571,5715.166,5884.250333333333,5246.42,5699.073363636364,6540.218,4963.528438461539,8104.799,5996.181513333333,6630.029,5799.530429411765
2517897,2016-11-16,7,Produce,8674.774,231,45.56,0.0,0.0,0.0,0.0,0.0,0.0,0.0,0.0,0.0,0.0,0.0,16,2,11,2016,4309.063,6916.788,5284.452714285713,6733.126,5680.785777777778,5109.274,5616.929818181818,4267.179,5146.8735153846155,4975.811,5765.258113333333,5776.38,5978.796547058823
2519679,2016-11-17,7,Produce,5430.464,5,45.37,0.0,0.0,0.0,0.0,0.0,0.0,0.0,0.0,0.0,0.0,0.0,17,3,11,2016,4835.559,4470.786,5108.216714285714,4898.824,5648.579888888889,5296.477,5649.63,5076.1357,5194.422976923077,5357.439,5814.407526666667,7993.518,5927.114605882352
2521461,2016-11-18,7,Produce,5318.547,6,45.69,0.0,0.0,0.0,0.0,0.0,0.0,0.0,0.0,0.0,0.0,0.0,18,4,11,2016,5028.534,4517.794,4889.565142857144,8379.503,5692.945333333333,6443.853,5670.631363636364,4991.501,5348.894976923077,5453.875,5736.327393333334,5155.498,5913.728252941177
2523243,2016-11-19,7,Produce,4943.749,6,46.28666666666666,0.0,0.0,0.0,0.0,0.0,0.0,0.0,0.0,0.0,0.0,0.0,19,5,11,2016,2841.147,4306.484,4830.388,4771.996,5799.216555555556,4996.733,5524.028545454546,5497.311,5434.421823076924,5651.1,5690.79226,5363.003,5714.308
2525025,2016-11-20,7,Produce,5683.715,6,46.88333333333333,0.0,0.0,0.0,0.0,0.0,0.0,0.0,0.0,0.0,0.0,0.0,20,6,11,2016,3913.496,4456.242,4560.637428571428,5640.276,5747.5091111111105,7772.711,5684.249663636364,5917.348,5383.230746153846,6326.585,5688.974593333333,4826.076,5807.3687058823525
2526807,2016-11-21,7,Produce,6921.436,6,47.48,0.0,0.0,0.0,0.0,0.0,0.0,0.0,0.0,0.0,0.0,0.0,21,0,11,2016,3516.372,4309.063,4327.831857142856,4524.54,5767.916,4512.342,5689.690118181818,5043.31,5429.244053846153,4806.529,5632.89766,5728.036,5876.185470588236
2528589,2016-11-22,7,Produce,5331.391,6,48.07,0.0,0.0,0.0,0.0,0.0,0.0,0.0,0.0,0.0,0.0,0.0,22,1,11,2016,5905.515,4835.559,4241.503571428571,5689.894,5720.356222222222,5870.105,5875.267663636363,6800.179,5294.625284615385,7313.4487,5831.94806,6372.229,5959.058235294118
2530371,2016-11-23,7,Produce,8092.937,224,46.72,0.0,0.0,0.0,0.0,0.0,0.0,0.0,0.0,0.0,0.0,0.0,23,2,11,2016,8035.999,5028.534,4128.630428571429,5839.624,5291.277444444444,5209.355,5753.741390909091,4686.987,5530.021130769231,4766.032,5659.56546,5734.507,6129.833823529411
2532153,2016-11-24,7,Produce,4794.245,6,46.72,0.0,0.0,0.0,0.0,0.0,0.0,0.0,0.0,0.0,0.0,0.0,24,3,11,2016,5645.298,2841.147,4335.669428571428,5249.799,5239.553888888889,5597.237,5647.866845454546,5846.593,5524.98123076923,5449.0312,5673.727993333333,8974.476,6034.040352941177
2533935,2016-11-25,7,Produce,5189.3,6,46.72,0.0,0.0,0.0,1.0,0.0,0.0,0.0,0.0,0.0,0.0,0.0,25,4,11,2016,8200.484,3913.496,4868.088857142858,6916.788,5107.994555555556,6472.2393,5693.1483,5051.045,5604.75823076923,4486.655,5620.4579933333325,5010.457,6039.118470588235
2535717,2016-11-26,7,Produce,4829.529,6,46.36666666666667,0.0,0.0,0.0,0.0,0.0,0.0,0.0,0.0,0.0,0.0,0.0,26,5,11,2016,4794.447,3516.372,4983.7658571428565,4470.786,5084.0526666666665,5306.265,5563.444118181818,4769.797,5593.420846153846,4596.356,5591.209593333333,4899.654,5865.655588235294
2537499,2016-11-27,7,Produce,5383.111,6,46.01333333333333,0.0,0.0,0.0,0.0,0.0,0.0,0.0,0.0,0.0,0.0,0.0,27,6,11,2016,5637.726,5905.515,5436.9015714285715,4517.794,4989.126555555555,7150.627,5760.482845454546,6092.569,5542.1645384615385,5832.009,5648.918993333335,4583.636,5890.701
2539281,2016-11-28,7,Produce,6778.453,6,45.66,0.0,0.0,0.0,1.0,0.0,0.0,0.0,0.0,0.0,0.0,0.0,28,0,11,2016,5134.174,8035.999,5715.944428571429,4306.484,4899.005444444444,3959.688,5722.603663636363,4790.174,5612.340461538461,5513.177,5575.269993333333,5815.976,5963.850117647058
2541063,2016-11-29,7,Produce,4881.023,6,45.29,0.0,0.0,0.0,0.0,0.0,0.0,0.0,0.0,0.0,0.0,0.0,29,1,11,2016,5888.601,5645.298,5962.263,4456.242,4631.377444444445,5279.233,5978.102118181819,7327.325,5509.090999999999,8846.374,5781.3939266666675,6557.334,5991.474117647059
2542845,2016-11-30,7,Produce,7897.131,232,49.41,0.0,0.0,0.0,0.0,0.0,0.0,0.0,0.0,0.0,0.0,0.0,30,2,11,2016,6546.901,8200.484,6193.377571428571,4309.063,4297.678333333333,5494.829,5893.552390909091,5010.617,5748.930923076923,5519.06,5598.541213333333,6320.652,6125.184705882353
2544627,2016-12-01,7,Produce,5323.869,6,51.08,0.0,0.0,0.0,0.0,0.0,0.0,0.0,0.0,0.0,0.0,0.0,1,3,12,2016,4949.971,4794.447,6190.961285714286,4835.559,4191.632333333333,6345.965,5834.669272727273,6028.602,5654.357615384614,5188.249,5667.00708,8465.714,6015.605176470588
2546409,2016-12-02,7,Produce,5356.956,5,51.7,0.0,0.0,0.0,0.0,0.0,0.0,0.0,0.0,0.0,0.0,0.0,2,4,12,2016,8674.774,5637.726,5978.232999999999,5028.534,4345.823555555555,6679.768,5841.006636363637,5349.925,5708.897153846154,4558.389,5639.358666666666,5001.54,5993.429882352941
2548191,2016-12-03,7,Produce,4560.012,5,51.70666666666667,0.0,0.0,0.0,0.0,0.0,0.0,0.0,0.0,0.0,0.0,0.0,3,5,12,2016,5430.464,5134.174,5878.900571428571,2841.147,4760.214111111111,5453.434,5741.277272727273,5251.016,5735.821615384615,5015.149,5713.610199999999,5862.708,5762.373352941177
2549973,2016-12-04,7,Produce,5325.08,5,51.71333333333333,0.0,0.0,0.0,0.0,0.0,0.0,0.0,0.0,0.0,0.0,0.0,4,6,12,2016,5318.547,5888.601,5946.656285714285,3913.496,4892.331444444444,8019.838,5907.879272727273,5955.597,5683.771769230769,6516.741,5829.223199999999,5044.649,5794.830764705883
2551755,2016-12-05,7,Produce,5634.698,5,51.72,1.0,0.0,0.0,0.0,0.0,0.0,0.0,0.0,0.0,0.0,0.0,5,0,12,2016,4943.749,6546.901,6037.515857142856,3516.372,5324.711555555555,4667.19,5939.046090909091,5457.936,5739.174,5221.85,5777.754733333334,5581.27,5871.526235294117
2553537,2016-12-06,7,Produce,4303.099,5,50.95,0.0,0.0,0.0,0.0,1.0,0.0,0.0,0.0,0.0,0.0,0.0,6,1,12,2016,5683.715,4949.971,5991.918857142858,5905.515,5320.143555555555,5824.525,6118.739545454545,7804.906,5558.482846153846,7898.388,5931.111866666667,6606.538,5923.783647058824
2555319,2016-12-07,7,Produce,8233.356,232,49.85,0.0,0.0,0.0,0.0,0.0,0.0,0.0,0.0,0.0,0.0,0.0,7,2,12,2016,6921.436,8674.774,5964.7152857142855,8035.999,5387.831555555556,5375.976,5979.505727272727,4617.14,5727.656000000001,4570.658,5674.9802,5295.684,6025.441352941176
2557101,2016-12-08,7,Produce,5000.514,10,50.84,0.0,0.0,0.0,0.0,1.0,0.0,0.0,0.0,0.0,0.0,0.0,8,3,12,2016,5331.391,5430.464,5935.445857142857,5645.298,5642.6123333333335,6053.604,5853.218181818182,5760.059,5626.210230769231,5793.02,5701.469466666666,8001.116,5943.385235294118
2558883,2016-12-09,7,Produce,5876.137,12,51.51,0.0,0.0,0.0,0.0,0.0,0.0,0.0,0.0,0.0,0.0,0.0,9,4,12,2016,8092.937,5318.547,5988.950857142857,8200.484,5862.068444444444,5792.31,5801.377181818181,5119.815,5618.248307692308,5034.305,5753.374466666666,4509.377,5883.815764705882
2560665,2016-12-10,7,Produce,4782.887,10,51.92,0.0,0.0,0.0,0.0,0.0,0.0,0.0,0.0,0.0,0.0,0.0,10,5,12,2016,4794.245,4943.749,6043.439428571429,4794.447,6198.793888888889,5622.068,5591.861545454546,5415.921,5607.345076923078,5600.428,5723.175866666667,5357.527,5675.693882352942
2562447,2016-12-11,7,Produce,5275.636,11,52.33,0.0,0.0,0.0,0.0,0.0,0.0,0.0,0.0,0.0,0.0,0.0,11,6,12,2016,5189.3,5683.715,5960.319857142857,5637.726,6092.622333333334,7471.457,5779.67390909091,5510.403,5556.643538461539,6330.551,5787.979600000001,5046.515,5647.721294117648
2564229,2016-12-12,7,Produce,5876.649,10,52.74,0.0,0.0,0.0,0.0,0.0,0.0,0.0,0.0,0.0,0.0,0.0,12,0,12,2016,4829.529,6921.436,5869.431428571428,5134.174,6163.597333333333,4814.393,5695.519272727272,4978.34,5632.483307692309,5059.982,5693.2211333333335,5562.233,5650.542882352941
2566011,2016-12-13,7,Produce,5311.884,11,52.99,0.0,0.0,0.0,0.0,0.0,0.0,0.0,0.0,0.0,0.0,0.0,13,1,12,2016,5383.111,5331.391,5850.96757142857,5888.601,6139.726888888888,5290.605,5968.567181818182,7209.868,5416.47,7813.534,5883.276533333334,6203.477,5716.457411764706
2567793,2016-12-14,7,Produce,7361.283,236,51.01,0.0,0.0,0.0,0.0,0.0,0.0,0.0,0.0,0.0,0.0,0.0,14,2,12,2016,6778.453,8092.937,5834.650428571428,6546.901,5819.511666666666,4883.183,5852.057363636363,4709.807,5659.20623076923,5004.399,5657.874066666666,5472.012,5825.789705882353
2569575,2016-12-15,7,Produce,4956.732,12,50.9,0.0,0.0,0.0,0.0,0.0,0.0,0.0,0.0,0.0,0.0,0.0,15,3,12,2016,4881.023,4794.245,5791.706999999999,4949.971,5836.100777777778,5715.166,5838.236090909091,5246.42,5563.227999999999,5916.399,5689.622733333334,7544.157,5739.207705882353
2571357,2016-12-16,7,Produce,5388.099,13,51.93,0.0,0.0,0.0,0.0,0.0,0.0,0.0,0.0,0.0,0.0,0.0,16,4,12,2016,7897.131,5189.3,5771.280857142857,8674.774,5841.210666666666,6733.126,5738.4608181818185,5109.274,5620.942615384615,5966.824,5627.593599999999,5162.38,5696.424235294117
2573139,2016-12-17,7,Produce,4815.914,12,51.99666666666667,0.0,0.0,0.0,0.0,0.0,0.0,0.0,0.0,0.0,0.0,0.0,17,5,12,2016,5323.869,4829.529,5706.942571428571,5430.464,6039.795333333333,4898.824,5576.500545454545,5296.477,5605.052923076923,4105.41,5622.715266666667,5307.971,5419.841352941176
2574921,2016-12-18,7,Produce,4877.897,11,52.06333333333333,0.0,0.0,0.0,0.0,0.0,0.0,0.0,0.0,0.0,0.0,0.0,18,6,12,2016,5356.956,5383.111,5678.970285714286,5318.547,5977.88311111111,8379.503,5669.703363636364,6443.853,5611.732461538461,5987.205,5618.052333333334,4927.642,5434.034058823529
2576703,2016-12-19,7,Produce,5336.549,12,52.13,0.0,0.0,0.0,0.0,0.0,0.0,0.0,0.0,0.0,0.0,0.0,19,0,12,2016,4560.012,6778.453,5754.630857142857,4943.749,6149.6648888888885,4771.996,5665.993727272727,4996.733,5726.647792307693,5095.364,5499.4873333333335,4526.006,5348.324470588235
2578485,2016-12-20,7,Produce,5162.95,9,52.22,0.0,0.0,0.0,0.0,0.0,0.0,0.0,0.0,0.0,0.0,0.0,20,1,12,2016,5325.08,4881.023,5778.581714285714,5683.715,6132.361999999999,5640.276,5850.866909090909,7772.711,5580.216792307692,8072.681,5636.7516,5910.675,5417.344764705882
2580267,2016-12-21,7,Produce,8070.242,235,51.44,0.0,1.0,0.0,0.0,0.0,0.0,0.0,0.0,0.0,0.0,0.0,21,2,12,2016,5634.698,7897.131,5740.079285714286,6921.436,5745.087111111111,4524.54,5737.741454545454,4512.342,5767.972176923077,4517.351,5403.5318,6165.196,5432.320176470588
2582049,2016-12-22,7,Produce,5186.581,9,51.98,0.0,1.0,0.0,0.0,1.0,0.0,0.0,0.0,0.0,0.0,0.0,22,3,12,2016,4303.099,5323.869,5731.789142857144,5331.391,5678.316555555556,5689.894,5536.347636363636,5870.105,5668.992792307692,5046.888,5460.767533333334,7439.919,5389.586529411765
2583831,2016-12-23,7,Produce,6092.026,8,52.01,0.0,1.0,0.0,0.0,0.0,0.0,0.0,0.0,0.0,0.0,0.0,23,4,12,2016,8233.356,5356.956,5568.395571428571,8092.937,5685.490333333333,5839.624,5482.498545454545,5209.355,5682.0665615384605,4862.583,5388.531333333333,5134.644,5479.833117647059
2585613,2016-12-24,7,Produce,5120.279,6,52.2125,0.0,1.0,0.0,0.0,0.0,0.0,0.0,0.0,0.0,0.0,0.0,24,5,12,2016,5000.514,4560.012,5485.835,4794.245,5889.346333333333,5249.799,5125.838454545455,5597.237,5697.324407692308,4961.13,5324.514,4568.365,5581.714941176471
2587395,2016-12-26,7,Produce,4673.284,6,52.6175,0.0,1.0,0.0,0.0,0.0,0.0,0.0,0.0,0.0,0.0,0.0,26,0,12,2016,5876.137,5325.08,5533.867142857142,5189.3,5800.158333333334,6916.788,5083.753636363635,6472.2393,5689.7945615384615,5530.484,5454.591933333333,3299.207,5612.432823529412
2589177,2016-12-27,7,Produce,4414.185,8,52.82,0.0,0.0,0.0,0.0,0.0,0.0,0.0,0.0,0.0,0.0,0.0,27,1,12,2016,4782.887,5634.698,5487.673571428572,4829.529,5908.568888888889,4470.786,5010.597545454545,5306.265,5819.258792307693,4552.076,5393.1636,4750.653,5826.372823529411
2590959,2016-12-28,7,Produce,5321.172,233,54.01,0.0,0.0,0.0,0.0,0.0,0.0,0.0,0.0,0.0,0.0,0.0,28,2,12,2016,5275.636,4303.099,5561.842285714286,5383.111,5907.733111111112,4517.794,5056.415181818182,7150.627,5640.85286923077,7118.946,5540.242533333333,3900.464,5910.244
2592741,2016-12-29,7,Produce,4253.591,9,53.8,0.0,0.0,0.0,0.0,0.0,0.0,0.0,0.0,0.0,0.0,0.0,29,3,12,2016,5876.649,8233.356,5593.681571428571,6778.453,5603.735222222222,4306.484,4797.438181818182,3959.688,5910.660253846154,4315.237,5294.680933333334,6219.86,6028.685823529412
2594523,2016-12-30,7,Produce,5228.907,9,53.75,0.0,0.0,0.0,0.0,0.0,0.0,0.0,0.0,0.0,0.0,0.0,30,4,12,2016,5311.884,5000.514,5586.618142857143,4881.023,5577.709333333334,4456.242,4622.335636363637,5279.233,5818.128330769231,5862.935,5358.706933333334,5816.815,6025.610176470588
2596305,2016-12-31,7,Produce,5267.009,9,53.4025,0.0,1.0,0.0,0.0,0.0,0.0,0.0,0.0,0.0,0.0,0.0,31,5,12,2016,7361.283,5876.137,5621.182571428572,7897.131,5592.795999999999,4309.063,4464.751363636364,5494.829,5865.449099999999,4832.856,5331.052266666667,5477.005,6035.4850588235295
2599869,2017-01-02,7,Produce,7305.669,8,52.707499999999996,0.0,0.0,0.0,0.0,0.0,0.0,0.0,0.0,0.0,0.0,1.0,2,0,1,2017,4956.732,4782.887,5765.294714285715,5323.869,5682.259222222222,4835.559,4372.817454545454,6345.965,5848.429023076924,5006.564,5345.871666666667,7006.204,6006.018764705883
2601651,2017-01-03,7,Produce,8596.912,8,52.36,0.0,0.0,0.0,0.0,0.0,0.0,0.0,0.0,0.0,0.0,0.0,3,1,1,2017,5388.099,5275.636,5640.712857142857,5356.956,5562.257888888889,5028.534,4696.927727272728,6679.768,5816.226307692307,6056.579,5354.8264,9276.148,6030.847705882354
2603433,2017-01-04,7,Produce,10294.375,231,53.26,0.0,0.0,0.0,0.0,0.0,0.0,0.0,0.0,0.0,0.0,0.0,4,2,1,2017,4815.914,5876.649,5634.458285714286,4560.012,5723.913777777778,2841.147,4799.428090909091,5453.434,5853.614384615385,5065.78,5296.5608,5684.584,6186.856176470588
2605215,2017-01-05,7,Produce,5815.019,9,53.77,0.0,0.0,0.0,0.0,0.0,0.0,0.0,0.0,0.0,0.0,0.0,5,3,1,2017,4877.897,5311.884,5564.738571428572,5325.08,5737.190555555555,3913.496,5153.428090909091,8019.838,5736.032923076923,7301.548,5449.686733333333,8944.951,6318.917823529412
2606997,2017-01-06,7,Produce,6049.692,9,53.98,0.0,0.0,0.0,0.0,0.0,0.0,0.0,0.0,0.0,0.0,0.0,6,4,1,2017,5336.549,7361.283,5569.456714285714,5634.698,5512.635666666666,3516.372,5184.174,4667.19,6006.169,4389.257,5273.761933333333,6353.452,6386.15494117647
2608779,2017-01-07,7,Produce,5932.761,7,53.303333333333335,0.0,0.0,0.0,0.0,0.0,0.0,0.0,0.0,0.0,0.0,0.0,7,5,1,2017,5162.95,4956.732,5512.636857142857,4303.099,5452.526555555555,5905.515,5304.961545454546,5824.525,5970.412076923078,5477.741,5331.320333333333,6539.517,6494.864176470589
2610561,2017-01-08,7,Produce,5327.016,9,52.626666666666665,0.0,0.0,0.0,0.0,0.0,0.0,0.0,0.0,0.0,0.0,0.0,8,6,1,2017,8070.242,5388.099,5435.479714285714,8233.356,5443.491,8035.999,5332.108363636364,5375.976,5954.702538461537,4632.068,5251.426866666666,5858.389,6496.710764705882
2612343,2017-01-09,7,Produce,6512.253,10,51.95,0.0,0.0,0.0,0.0,0.0,0.0,0.0,0.0,0.0,0.0,0.0,9,0,1,2017,5186.581,4815.914,5414.203428571428,5000.514,5589.784,5645.298,5410.2962727272725,6053.604,5842.180846153846,5084.874,5222.640266666666,6333.069,6585.63
2614125,2017-01-10,7,Produce,5322.2188,9,50.82,0.0,0.0,0.0,0.0,0.0,0.0,0.0,0.0,0.0,0.0,0.0,10,1,1,2017,6092.026,4877.897,5515.483285714286,5876.137,5588.317777777778,8200.484,5747.183,5792.31,5767.980692307692,5095.451,5264.1616,6938.992,6593.698235294118
2615907,2017-01-11,7,Produce,7924.389,238,52.19,0.0,0.0,0.0,0.0,0.0,0.0,0.0,0.0,0.0,0.0,0.0,11,2,1,2017,5120.279,5336.549,5548.318857142857,4782.887,5780.160555555555,4794.447,5841.407999999999,5622.068,5866.418538461539,4656.5,5177.338733333334,5556.736,6714.100058823529
2617689,2017-01-12,7,Produce,4602.664,10,53.01,0.0,0.0,0.0,0.0,0.0,0.0,0.0,0.0,0.0,0.0,0.0,12,3,1,2017,4673.284,5162.95,5648.879857142857,5275.636,5852.786444444444,5637.726,6310.353636363637,7471.457,5626.340538461538,6848.965,5304.381133333333,7220.509,6455.573588235294
2619471,2017-01-13,7,Produce,5917.789,11,52.36,0.0,0.0,0.0,0.0,0.0,0.0,0.0,0.0,0.0,0.0,0.0,13,4,1,2017,4414.185,8070.242,5692.360571428571,5876.649,5536.646777777777,5134.174,6267.167181818182,4814.393,5911.903076923078,4480.074,5072.3622000000005,5544.255,6472.564882352941
2621253,2017-01-14,7,Produce,5201.632,9,52.3825,0.0,0.0,0.0,0.0,0.0,0.0,0.0,0.0,0.0,0.0,0.0,14,5,1,2017,5321.172,5186.581,5663.130142857143,5311.884,5516.135666666667,5888.601,6020.1260909090915,5290.605,5830.939307692309,5178.613,5117.354086666667,5893.684,6286.137823529412
2623035,2017-01-15,7,Produce,5390.013,10,52.405,0.0,0.0,0.0,0.0,0.0,0.0,0.0,0.0,0.0,0.0,0.0,15,6,1,2017,4253.591,6092.026,5531.363857142857,7361.283,5405.220111111111,6546.901,5956.348909090909,4883.183,5851.270076923077,4664.533,5048.678419999999,5748.521,6274.2228235294115
2624817,2017-01-16,7,Produce,6505.99,10,52.4275,0.0,0.0,0.0,0.0,0.0,0.0,0.0,0.0,0.0,0.0,0.0,16,0,1,2017,5228.907,5120.279,5553.967,4956.732,5466.738111111112,4949.971,5727.551727272727,5715.166,5733.649769230769,4401.057,5050.515753333334,6251.252,6285.973470588236
2626599,2017-01-17,7,Produce,5505.932,10,52.45,0.0,0.0,0.0,0.0,0.0,0.0,0.0,0.0,0.0,0.0,0.0,17,1,1,2017,5267.009,4673.284,5008.731142857143,5388.099,5454.217444444444,8674.774,5920.914363636363,6733.126,5725.771615384614,5629.384,5081.40562,7328.442,6298.829470588235
2628381,2017-01-18,7,Produce,9055.354,236,51.12,0.0,0.0,0.0,0.0,0.0,0.0,0.0,0.0,0.0,0.0,0.0,18,2,1,2017,7305.669,4414.185,5014.777714285715,4815.914,5697.950000000001,5430.464,5893.065727272727,4898.824,5742.506692307692,4754.236,5028.526553333333,5614.165,6398.482235294118
2630163,2017-01-19,7,Produce,4399.924,10,51.39,0.0,0.0,0.0,0.0,0.0,0.0,0.0,0.0,0.0,0.0,0.0,19,3,1,2017,8596.912,5321.172,4896.918142857144,4877.897,5684.027444444445,5318.547,6162.044181818181,8379.503,5571.609923076923,6971.416,5148.910086666667,9053.035,6279.850352941176
2631945,2017-01-20,7,Produce,5273.709,11,52.33,0.0,0.0,0.0,0.0,0.0,0.0,0.0,0.0,0.0,0.0,0.0,20,4,1,2017,10294.375,4253.591,5209.116714285714,5336.549,5542.998888888888,4943.749,6062.557272727273,4771.996,5733.332615384616,3821.264,4954.023753333333,4881.198,6277.211411764706
2633727,2017-01-21,7,Produce,5174.444,11,52.47666666666667,0.0,0.0,0.0,0.0,0.0,0.0,0.0,0.0,0.0,0.0,0.0,21,5,1,2017,5815.019,5228.907,5769.635,5162.95,5561.170777777778,5683.715,5939.138999999999,5640.276,5670.2696153846155,5064.1353,4935.59742,5973.436,6181.172764705882
2635509,2017-01-22,7,Produce,5807.422,11,52.623333333333335,0.0,0.0,0.0,0.0,0.0,0.0,0.0,0.0,0.0,0.0,0.0,22,6,1,2017,6049.692,5267.009,6609.662142857143,8070.242,5481.746888888889,6921.436,5928.189727272727,4524.54,5642.16276923077,4447.606,4867.994886666666,5775.691,6179.465982352941
2637291,2017-01-23,7,Produce,6365.929,11,52.77,0.0,0.0,0.0,0.0,0.0,0.0,0.0,0.0,0.0,0.0,0.0,23,0,1,2017,5932.761,7305.669,6680.211714285715,5186.581,5437.110333333334,5331.391,5628.947636363636,5689.894,5533.802615384616,4659.628,4826.36442,6150.897,6212.646100000001
2639073,2017-01-24,7,Produce,5047.381,11,52.38,0.0,0.0,0.0,0.0,0.0,0.0,0.0,0.0,0.0,0.0,0.0,24,1,1,2017,5327.016,8596.912,6936.797571428572,6092.026,5486.363111111111,8092.937,5751.492090909091,5839.624,5358.657692307693,5548.222,4923.99282,6739.278,6215.864276470588
2640855,2017-01-25,7,Produce,8194.718,238,52.14,0.0,0.0,0.0,0.0,0.0,0.0,0.0,0.0,0.0,0.0,0.0,25,2,1,2017,6512.253,10294.375,7037.348142857144,5120.279,5366.0344444444445,4794.245,5711.717181818182,5249.799,5313.291461538462,4302.265,4838.723353333333,6076.941,6311.519864705882
2642637,2017-01-26,7,Produce,4556.889,4,53.24,0.0,0.0,0.0,0.0,0.0,0.0,0.0,0.0,0.0,0.0,0.0,26,3,1,2017,5322.2188,5815.019,7045.920571428571,4673.284,5373.363000000001,5189.3,5980.206454545454,6916.788,5040.680384615384,6462.253,5004.2623533333335,8027.166,6154.157864705882
2644419,2017-01-27,7,Produce,5029.969,3,53.18,0.0,0.0,0.0,0.0,0.0,0.0,0.0,0.0,0.0,0.0,0.0,27,4,1,2017,7924.389,6049.692,6932.575428571428,4414.185,5061.892666666667,4829.529,5947.493181818182,4470.786,5060.414076923077,3925.67,4794.562486666666,4922.25,6150.630805882353
2646201,2017-01-28,7,Produce,4718.256,4,52.99666666666667,0.0,0.0,0.0,0.0,0.0,0.0,0.0,0.0,0.0,0.0,0.0,28,5,1,2017,4602.664,5932.761,6464.762114285714,5321.172,5297.346888888889,5383.111,5805.267727272727,4517.794,4845.096461538462,4203.679,4848.71224,5511.874,5895.596864705883
2647983,2017-01-29,7,Produce,5825.712,2,52.81333333333333,0.0,0.0,0.0,0.0,0.0,0.0,0.0,0.0,0.0,0.0,0.0,29,6,1,2017,5917.789,5327.016,6126.192685714285,4253.591,5575.667555555556,6778.453,5735.142363636364,4306.484,4798.093076923077,4164.575,4774.318086666666,5587.852,5829.257094117647
2649765,2017-01-30,7,Produce,6038.981,3,52.63,0.0,0.0,0.0,0.0,0.0,0.0,0.0,0.0,0.0,0.0,0.0,30,0,1,2017,5201.632,6512.253,5952.999114285713,5228.907,6150.567111111111,4881.023,5483.518999999999,4456.242,4630.899076923077,4040.076,4774.272419999999,5515.2397,5723.187211764706
2651547,2017-01-31,7,Produce,4993.255,4,52.75,0.0,0.0,0.0,0.0,0.0,0.0,0.0,0.0,0.0,0.0,0.0,31,1,1,2017,5390.013,5322.2188,5934.155828571428,5267.009,6277.426555555556,7897.131,5559.923818181818,4309.063,4635.967615384615,5865.483,4814.139953333333,6457.746,5680.875270588235
2653329,2017-02-01,7,Produce,8294.7,238,53.9,0.0,0.0,0.0,0.0,0.0,0.0,0.0,0.0,0.0,0.0,0.0,1,2,2,2017,6505.99,7924.389,5829.708828571428,7305.669,6459.149555555556,5323.869,5479.360090909091,4835.559,4850.290692307693,4350.342,4749.861353333333,5803.23,5825.881152941176
2655111,2017-02-02,7,Produce,5093.131,4,53.55,0.0,0.0,0.0,0.0,0.0,0.0,0.0,0.0,0.0,0.0,0.0,2,3,2,2017,5505.932,4602.664,5838.7084,8596.912,6527.10388888889,5356.956,5788.79890909091,5028.534,4752.483769230769,7237.321,4857.498353333333,7877.397,5760.920682352941
2656893,2017-02-03,7,Produce,5373.543,4,53.81,0.0,0.0,0.0,0.0,0.0,0.0,0.0,0.0,0.0,0.0,0.0,3,4,2,2017,9055.354,5917.789,5837.8136857142845,10294.375,6646.373333333333,4560.012,5754.017363636363,2841.147,5039.383615384615,3825.918,4721.127686666668,4653.288,5754.402800000001
2658675,2017-02-04,7,Produce,5426.824,4,53.54333333333334,0.0,0.0,0.0,0.0,0.0,0.0,0.0,0.0,0.0,0.0,0.0,4,5,2,2017,4399.924,5201.632,5864.0584285714285,5815.019,6788.967333333333,5325.08,5671.988636363636,3913.496,5060.664615384615,4633.5103,4730.67262,5554.205,5608.831741176471
2660457,2017-02-05,7,Produce,5560.063,4,53.276666666666664,0.0,0.0,0.0,0.0,0.0,0.0,0.0,0.0,0.0,0.0,0.0,5,6,2,2017,5273.709,5390.013,6025.624857142857,6049.692,6795.101755555555,5634.698,5663.067181818181,3516.372,5163.067846153846,3948.223,4706.324486666666,4717.458,5632.204211764705
2662239,2017-02-06,7,Produce,6069.753,3,53.01,0.0,0.0,0.0,0.0,0.0,0.0,0.0,0.0,0.0,0.0,0.0,6,0,2,2017,5174.444,6505.99,5996.661999999999,5932.761,6863.848422222221,4303.099,5424.749454545455,5905.515,5215.216461538462,4446.921,4691.29922,3753.4219,5732.57774117647
2664021,2017-02-07,7,Produce,5470.888,4,52.19,0.0,0.0,0.0,0.0,0.0,0.0,0.0,0.0,0.0,0.0,0.0,7,1,2,2017,5807.422,5505.932,5904.650571428571,5327.016,6420.043088888889,8233.356,5475.002181818181,8035.999,5336.719384615384,5257.641,4784.312886666667,4170.248,5745.819270588235
2665803,2017-02-08,7,Produce,7595.376,235,52.37,0.0,0.0,0.0,0.0,0.0,0.0,0.0,0.0,0.0,0.0,0.0,8,2,2,2017,6365.929,9055.354,5900.766571428571,6512.253,5933.755755555556,5000.514,5470.904727272727,5645.298,5468.361076923077,4584.043,4759.573753333333,5056.388,5923.9070529411765
2667585,2017-02-09,7,Produce,4484.822,3,52.99,0.0,0.0,0.0,0.0,0.0,0.0,0.0,0.0,0.0,0.0,0.0,9,3,2,2017,5047.381,4399.924,5960.396428571429,5322.2188,5865.601644444444,5876.137,5725.565727272727,8200.484,5462.317769230769,5916.82,4905.565486666667,8615.997,5858.704582352941
2669367,2017-02-10,7,Produce,5903.905,4,53.84,0.0,0.0,0.0,0.0,0.0,0.0,0.0,0.0,0.0,0.0,0.0,10,4,2,2017,8194.718,5273.709,5940.3877142857145,7924.389,5792.303977777778,4782.887,5692.079545454545,4794.447,5911.058307692308,4416.693,4707.55602,5634.95,5858.337111764706
2671149,2017-02-11,7,Produce,5096.665,4,53.54666666666667,0.0,0.0,0.0,0.0,0.0,0.0,0.0,0.0,0.0,0.0,0.0,11,5,2,2017,4556.889,5174.444,5874.880428571429,4602.664,5855.996088888888,5275.636,5669.661454545454,5637.726,6027.748153846153,4068.844,4790.9038666666665,5966.137,5737.108229411764
2672931,2017-02-12,7,Produce,5342.419,4,53.25333333333334,0.0,0.0,0.0,0.0,0.0,0.0,0.0,0.0,0.0,0.0,0.0,12,6,2,2017,5029.969,5807.422,5751.932428571429,5917.789,5875.875644444444,5876.649,5716.281,5134.174,6166.3769999999995,3838.457,4814.7699133333335,5552.458,5832.790111764705
2674713,2017-02-13,7,Produce,6725.06,5,52.96,0.0,0.0,0.0,0.0,0.0,0.0,0.0,0.0,0.0,0.0,0.0,13,0,2,2017,4718.256,6365.929,5774.356000000001,5201.632,6158.4424222222215,5311.884,5411.239272727273,5888.601,6092.3949999999995,3939.196,4918.042446666667,5319.582,5878.4261705882345
2676495,2017-02-14,7,Produce,5162.115,5,53.21,0.0,0.0,0.0,0.0,0.0,0.0,0.0,0.0,0.0,0.0,0.0,14,1,2,2017,5825.712,5047.381,5739.536,5390.013,6055.965222222222,7361.283,5441.787909090909,6546.901,5911.450076923078,5435.281,5016.070913333333,7218.224,5907.553582352941
2678277,2017-02-15,7,Produce,8206.378,232,53.11,0.0,0.0,0.0,0.0,0.0,0.0,0.0,0.0,0.0,0.0,0.0,15,2,2,2017,6038.981,8194.718,5674.366285714285,6505.99,5761.445222222222,4956.732,5376.952727272727,4949.971,6009.614538461537,5494.396,5001.782179999999,5812.958,6169.062411764705
2680059,2017-02-16,7,Produce,5091.59,4,53.41,0.0,0.0,0.0,0.0,0.0,0.0,0.0,0.0,0.0,0.0,0.0,16,3,2,2017,4993.255,4556.889,5676.9791428571425,5505.932,5824.976333333334,5388.099,5675.803181818183,8674.774,5788.915076923076,6540.218,5149.52458,8542.732,6200.755058823529
2681841,2017-02-17,7,Produce,5924.482,3,53.41,0.0,0.0,0.0,0.0,0.0,0.0,0.0,0.0,0.0,0.0,0.0,17,4,2,2017,8294.7,5029.969,5630.272285714286,9055.354,5812.713333333333,4815.914,5667.7072727272725,5430.464,6042.645076923077,4267.179,5067.535713333333,5349.304,6204.176823529411
2683623,2017-02-18,7,Produce,5926.677,3,53.5625,0.0,0.0,0.0,0.0,0.0,0.0,0.0,0.0,0.0,0.0,0.0,18,5,2,2017,5093.131,4718.256,5622.54,4399.924,5942.0796666666665,4877.897,5687.287,5318.547,5977.761923076923,5076.1357,5162.8623800000005,5796.983,6031.500705882352
2685405,2017-02-19,7,Produce,4785.512,4,53.715,0.0,0.0,0.0,0.0,0.0,0.0,0.0,0.0,0.0,0.0,0.0,19,6,2,2017,5373.543,5825.712,5636.8231428571435,5273.709,5904.009444444444,5336.549,5669.868363636364,4943.749,5982.0023846153845,4991.501,5228.342446666667,5816.506,6032.226411764706
2687187,2017-02-20,7,Produce,6121.312,2,53.8675,0.0,0.0,0.0,0.0,0.0,0.0,0.0,0.0,0.0,0.0,0.0,20,0,2,2017,5426.824,6038.981,5713.429142857143,5174.444,6091.645888888889,5162.95,5425.504818181818,5683.715,5900.535307692307,5497.311,5290.43178,6279.88,6081.139294117646
2688969,2017-02-21,7,Produce,5367.812,3,54.02,0.0,0.0,0.0,0.0,0.0,0.0,0.0,0.0,0.0,0.0,0.0,21,1,2,2017,5560.063,4993.255,5762.511142857143,5807.422,5986.196666666667,8070.242,5376.182363636363,6921.436,5811.013,5917.348,5433.98998,6330.018,6088.641135294117
2690751,2017-02-22,7,Produce,7238.647,227,53.61,0.0,0.0,0.0,0.0,0.0,0.0,0.0,0.0,0.0,0.0,0.0,22,2,2,2017,6069.753,8294.7,5863.735142857143,6365.929,5538.931666666667,5186.581,5370.09809090909,5331.391,5951.665461538461,5043.31,5390.982846666667,5212.624,6290.325135294118
2692533,2017-02-23,7,Produce,4146.338,3,54.48,0.0,0.0,0.0,0.0,0.0,0.0,0.0,0.0,0.0,0.0,0.0,23,3,2,2017,5470.888,5093.131,5825.785285714286,5047.381,5574.301888888889,6092.026,5318.977818181817,8092.937,5659.838461538461,6800.179,5513.1781133333325,8199.072,6135.810605882353
2694315,2017-02-24,7,Produce,5535.5,3,53.99,0.0,0.0,0.0,0.0,0.0,0.0,0.0,0.0,0.0,0.0,0.0,24,4,2,2017,7595.376,5373.543,5830.181285714286,8194.718,5635.635555555556,5120.279,5350.887818181818,4794.245,5849.582076923077,4686.987,5411.2047133333335,4709.023,6125.5490176470585
2696097,2017-02-25,7,Produce,4582.603,3,54.00666666666667,0.0,0.0,0.0,0.0,0.0,0.0,0.0,0.0,0.0,0.0,0.0,25,5,2,2017,4484.822,5426.824,5898.414571428571,4556.889,5731.695222222222,4673.284,5344.566,5189.3,5849.991461538461,5846.593,5528.632913333333,5114.558,5934.1138411764705
2697879,2017-02-26,7,Produce,3076.386,3,54.02333333333333,0.0,0.0,0.0,0.0,0.0,0.0,0.0,0.0,0.0,0.0,0.0,26,6,2,2017,5903.905,5560.063,5798.511142857143,5029.969,5641.232222222222,4414.185,5539.358636363637,4829.529,5881.776615384616,5051.045,5546.885533333333,5680.503,5933.482605882354
2699661,2017-02-27,7,Produce,3628.312,2,54.04,0.0,0.0,0.0,0.0,0.0,1.0,0.0,0.0,0.0,0.0,0.0,27,0,2,2017,5096.665,6069.753,5711.609857142857,4718.256,5855.540111111111,5321.172,5587.237727272727,5383.111,5795.337923076922,4769.797,5564.186533333333,5647.287,5972.814311764705
2701443,2017-02-28,7,Produce,5626.653,2,54.0,0.0,0.0,0.0,0.0,0.0,1.0,0.0,0.0,0.0,0.0,0.0,28,1,2,2017,5342.419,5470.888,5787.375857142857,5825.712,5860.623444444445,4253.591,6051.582636363636,6778.453,5672.541307692309,6092.569,5594.738933333332,6797.656,5912.089311764706
2703225,2017-03-01,7,Produce,10292.73,232,53.82,0.0,0.0,0.0,0.0,0.0,0.0,0.0,0.0,0.0,0.0,0.0,1,2,3,2017,6725.06,7595.376,5740.210285714286,6038.981,5547.159555555556,5228.907,6026.400181818182,4881.023,5695.8726153846155,4790.174,5564.111466666666,5679.9893,6020.904841176471
2705007,2017-03-02,7,Produce,6113.553,3,52.63,0.0,0.0,0.0,0.0,1.0,0.0,0.0,0.0,0.0,0.0,0.0,2,3,3,2017,5162.115,4484.822,5709.118285714285,4993.255,5643.8189999999995,5267.009,6110.892272727273,7897.131,5404.346615384615,7327.325,5748.217866666667,8748.21,5907.417605882353
2706789,2017-03-03,7,Produce,5599.945,5,53.33,0.0,0.0,0.0,0.0,0.0,0.0,0.0,0.0,0.0,0.0,0.0,3,4,3,2017,8206.378,5903.905,5802.733571428572,8294.7,5702.718333333334,7305.669,6225.390181818182,5323.869,5668.893615384615,5010.617,5602.681933333332,4591.477,5897.090958823529
2708571,2017-03-04,7,Produce,4931.205,4,53.28333333333333,0.0,0.0,0.0,0.0,0.0,0.0,0.0,0.0,0.0,0.0,0.0,4,5,3,2017,5091.59,5096.665,5758.623142857143,5093.131,5852.884666666667,8596.912,6308.374818181819,5356.956,5654.371615384616,6028.602,5674.220066666667,5638.511,5753.772311764706
2710353,2017-03-05,7,Produce,5378.362,4,53.236666666666665,0.0,0.0,0.0,0.0,0.0,0.0,0.0,0.0,0.0,0.0,0.0,5,6,3,2017,5924.482,5342.419,5845.909142857143,5373.543,5813.459777777778,10294.375,6416.654909090909,4560.012,5734.879923076923,5349.925,5625.7682,5288.334,5806.10695882353
2712135,2017-03-06,7,Produce,5611.115,3,53.19,0.0,0.0,0.0,0.0,0.0,0.0,0.0,0.0,0.0,0.0,0.0,6,0,3,2017,5926.677,6725.06,5932.5902857142855,5426.824,5986.392555555556,5815.019,6513.802890909091,5325.08,5688.708846153846,5251.016,5650.093266666666,5338.573,5835.066076470589
2713917,2017-03-07,7,Produce,5754.143,3,52.68,0.0,0.0,0.0,0.0,0.0,0.0,0.0,0.0,0.0,0.0,0.0,7,1,3,2017,4785.512,5162.115,5935.5298571428575,5560.063,5929.900000000001,6049.692,6758.84670909091,5634.698,5573.107538461539,5955.597,5699.467000000001,6465.622,5775.214488235295
2715699,2017-03-08,7,Produce,8037.803,236,49.83,0.0,0.0,0.0,0.0,0.0,0.0,0.0,0.0,0.0,0.0,0.0,8,2,3,2017,6121.312,8206.378,6054.103,6069.753,5664.256111111111,5932.761,6698.451709090909,4303.099,5649.694153846154,5457.936,5625.185066666667,4784.181,5929.7817235294115
2717481,2017-03-09,7,Produce,4912.348,0,48.75,0.0,0.0,0.0,0.0,0.0,0.0,0.0,0.0,0.0,0.0,0.0,9,3,3,2017,5367.812,5091.59,5974.544857142857,5470.888,5664.6487777777775,5327.016,6572.2807999999995,8233.356,5450.829,7804.906,5786.4980000000005,8129.744,5803.944841176471
2719263,2017-03-10,7,Produce,5402.993,1,48.05,0.0,0.0,0.0,0.0,0.0,0.0,0.0,0.0,0.0,0.0,0.0,10,4,3,2017,7238.647,5924.482,5888.295142857142,7595.376,5661.190555555555,6512.253,6263.618981818182,5000.514,5607.553153846155,4617.14,5611.9968,4400.735,5810.941235294118
2721045,2017-03-11,7,Produce,4717.278,1,48.016666666666666,0.0,0.0,0.0,0.0,0.0,0.0,0.0,0.0,0.0,0.0,0.0,11,5,3,2017,4146.338,5926.677,5917.680428571429,4484.822,5805.439,5322.2188,5817.767890909091,5876.137,5576.766692307692,5760.059,5627.717000000001,5037.071,5592.72394117647
2722827,2017-03-12,7,Produce,6091.746,1,47.983333333333334,0.0,0.0,0.0,0.0,0.0,0.0,0.0,0.0,0.0,0.0,0.0,12,6,3,2017,5535.5,4785.512,5779.433142857141,5903.905,5761.222555555555,7924.389,5880.583436363636,4782.887,5640.465692307693,5119.815,5566.428466666667,5762.655,5613.614705882353
2724609,2017-03-13,7,Produce,5938.683,1,47.95,0.0,0.0,0.0,0.0,0.0,0.0,0.0,0.0,0.0,0.0,0.0,13,0,3,2017,4582.603,6121.312,5644.397142857143,5096.665,5998.625333333333,4602.664,5831.150709090908,5275.636,5601.299076923076,5415.921,5562.865266666667,5598.712,5620.4439999999995
2726391,2017-03-14,7,Produce,5483.176,2,47.24,0.0,0.0,0.0,0.0,0.0,0.0,0.0,0.0,0.0,0.0,0.0,14,1,3,2017,3076.386,5367.812,5588.828285714285,5342.419,5956.481111111111,5917.789,6115.0228,5876.649,5543.083615384616,5510.403,5642.387733333334,5606.863,5591.705352941176
2728173,2017-03-15,7,Produce,8447.489,239,48.34,0.0,0.0,0.0,0.0,0.0,0.0,0.0,0.0,0.0,0.0,0.0,15,2,3,2017,3628.312,7238.647,5396.817714285715,6725.06,5770.826222222222,5201.632,6030.741709090909,5311.884,5622.57976923077,4978.34,5578.463466666667,4663.026,5683.34894117647
2729955,2017-03-16,7,Produce,4667.235,2,48.3,0.0,0.0,0.0,0.0,0.0,0.0,0.0,0.0,0.0,0.0,0.0,16,3,3,2017,5626.653,4146.338,5152.656857142857,5162.115,5931.032333333333,5390.013,5918.1467999999995,7361.283,5386.394692307693,7209.868,5732.7818,8274.93,5568.297647058824
2731737,2017-03-17,7,Produce,5967.582,2,48.34,0.0,0.0,0.0,0.0,0.0,0.0,0.0,0.0,0.0,0.0,0.0,17,4,3,2017,10292.73,5535.5,4796.514,8206.378,5806.7664444444445,6505.99,5904.7127272727275,4956.732,5622.527615384615,4709.807,5513.277533333333,4658.429,5495.116470588235
2733519,2017-03-18,7,Produce,4499.858,2,48.156666666666666,0.0,0.0,0.0,0.0,0.0,0.0,0.0,0.0,0.0,0.0,0.0,18,5,3,2017,6113.553,4582.603,4833.491285714285,5091.59,5920.6161111111105,5505.932,5712.261181818182,5388.099,5569.484846153846,5246.42,5596.808533333333,5798.928,5298.823882352942
2735301,2017-03-19,7,Produce,5119.37,2,47.973333333333336,0.0,0.0,0.0,0.0,0.0,0.0,0.0,0.0,0.0,0.0,0.0,19,6,3,2017,5599.945,3076.386,5269.788857142857,5924.482,5923.437555555556,9055.354,5872.558,4815.914,5670.187846153845,5109.274,5560.094933333333,5038.516,5302.157764705882
2737083,2017-03-20,7,Produce,6522.534,2,47.79,0.0,0.0,0.0,0.0,0.0,0.0,0.0,0.0,0.0,0.0,0.0,20,0,3,2017,4931.205,3628.312,5550.819571428571,5926.677,5980.502777777777,4399.924,5793.429999999999,4877.897,5658.237307692307,5296.477,5591.923066666667,4946.62,5422.354235294119
2738865,2017-03-21,7,Produce,5511.033,2,47.02,0.0,0.0,0.0,0.0,0.0,0.0,0.0,0.0,0.0,0.0,0.0,21,1,3,2017,5378.362,5626.653,5560.026,4785.512,5867.638666666667,5273.709,6065.528727272726,5336.549,5565.670769230768,6443.853,5662.344286666667,5754.609,5440.215294117647
2740647,2017-03-22,7,Produce,7768.92,234,47.29,0.0,0.0,0.0,0.0,0.0,0.0,0.0,0.0,0.0,0.0,0.0,22,2,3,2017,5611.115,10292.73,5609.826285714285,6121.312,5570.874444444444,5174.444,5989.790181818182,5162.95,5496.617,4996.733,5648.735086666667,4799.777,5559.734823529412
2742429,2017-03-23,7,Produce,4612.147,0,47.0,0.0,0.0,0.0,0.0,0.0,0.0,0.0,0.0,0.0,0.0,0.0,23,3,3,2017,5754.143,6113.553,5938.679999999999,5367.812,5514.320333333333,5807.422,5855.606454545455,8070.242,5339.6853846153845,7772.711,5793.554220000001,6896.514,5523.915764705882
2744211,2017-03-24,7,Produce,5154.822,0,47.3,0.0,0.0,0.0,0.0,0.0,0.0,0.0,0.0,0.0,0.0,0.0,24,4,3,2017,8037.803,5599.945,6221.937571428572,7238.647,5197.865222222222,6365.929,5783.999545454546,5186.581,5285.597615384615,4512.342,5576.875553333333,4509.75,5597.452823529412
2745993,2017-03-25,7,Produce,5127.661,0,47.20666666666666,0.0,0.0,0.0,0.0,0.0,0.0,0.0,0.0,0.0,0.0,0.0,25,5,3,2017,4912.348,4931.205,6240.150428571428,4146.338,4942.491333333333,5047.381,5490.3957272727275,6092.026,5273.352076923077,5870.105,5614.837286666666,3540.101,5414.871882352942
2747775,2017-03-26,7,Produce,5074.689,0,47.11333333333334,0.0,0.0,0.0,0.0,0.0,0.0,0.0,0.0,0.0,0.0,0.0,26,6,3,2017,5402.993,5378.362,5918.017999999999,5535.5,5035.951444444444,8194.718,5639.400909090909,5120.279,5308.051692307692,5209.355,5631.397886666668,4792.77,5505.547
2749557,2017-03-27,7,Produce,5850.059,0,47.02,0.0,0.0,0.0,0.0,0.0,0.0,0.0,0.0,0.0,0.0,0.0,27,0,3,2017,4717.278,5611.115,5746.417285714285,4582.603,5499.442333333333,4556.889,5613.905090909091,4673.284,5494.803384615385,5597.237,5713.843953333333,4457.411,5552.685
2751339,2017-03-28,7,Produce,5081.09,0,48.36,0.0,0.0,0.0,0.0,0.0,0.0,0.0,0.0,0.0,0.0,0.0,28,1,3,2017,6091.746,5754.143,5718.281285714285,3076.386,5582.3024444444445,5029.969,5897.564727272727,4414.185,5745.600538461538,6472.2393,5806.063353333333,7080.411,5563.739882352941
2753121,2017-03-29,7,Produce,8510.774,234,49.47,0.0,0.0,0.0,0.0,0.0,0.0,0.0,0.0,0.0,0.0,0.0,29,2,3,2017,5938.683,8037.803,5687.720285714285,3628.312,5400.224444444444,4718.256,5832.629181818182,5321.172,6140.325538461539,5306.265,5740.03542,6066.293,5761.512529411765
2754903,2017-03-30,7,Produce,4542.363,1,50.3,0.0,0.0,0.0,0.0,0.0,0.0,0.0,0.0,0.0,0.0,0.0,30,3,3,2017,5483.176,4912.348,5789.632285714287,5626.653,5487.431888888889,5825.712,5742.412272727273,4253.591,5966.846846153847,7150.627,5941.5757533333335,7630.544,5685.652
2756685,2017-03-31,7,Produce,6217.144,1,50.54,0.0,0.0,0.0,0.0,0.0,0.0,0.0,0.0,0.0,0.0,0.0,31,4,3,2017,8447.489,5402.993,5836.4277142857145,10292.73,5469.97211111111,6038.981,5776.9070909090915,5228.907,6033.24,3959.688,5734.541020000001,4997.939,5743.704470588235
2758467,2017-04-01,7,Produce,6202.5522,1,50.443333333333335,0.0,0.0,0.0,0.0,0.0,0.0,1.0,0.0,0.0,0.0,0.0,1,5,4,2017,4667.235,4717.278,5797.718142857143,6113.553,5584.251222222222,4993.255,5537.393,5267.009,6020.988846153846,5279.233,5822.019886666666,5913.156,5611.850941176471
2760249,2017-04-02,7,Produce,5156.947,1,50.346666666666664,0.0,0.0,0.0,0.0,0.0,0.0,0.0,0.0,0.0,0.0,0.0,2,6,4,2017,5967.582,6091.746,5856.2447142857145,5599.945,5881.779777777778,8294.7,5674.926090909091,7305.669,6036.891692307692,5494.829,5789.077953333334,5171.054,5664.832352941176
2762031,2017-04-03,7,Produce,5598.476,1,50.25,0.0,0.0,0.0,0.0,0.0,0.0,0.0,0.0,0.0,0.0,0.0,3,0,4,2017,4499.858,5938.683,5821.228571428573,4931.205,6371.723222222222,5093.131,5715.009636363637,8596.912,6178.350846153846,6345.965,5845.36122,6199.906,5811.5344117647055
2763813,2017-04-04,7,Produce,4521.416,1,50.99,0.0,0.0,0.0,0.0,0.0,0.0,0.0,0.0,0.0,0.0,0.0,4,1,4,2017,5119.37,5483.176,5901.884142857142,5378.362,6292.356,5373.543,5976.566,10294.375,6248.199599999999,6679.768,5858.366086666666,6600.274,5835.059529411764
2765595,2017-04-05,7,Produce,7732.1357,228,51.14,0.0,0.0,0.0,0.0,0.0,0.0,0.0,0.0,0.0,0.0,0.0,5,2,4,2017,6522.534,8447.489,5870.824142857143,5611.115,5749.051888888888,5426.824,5854.666909090909,5815.019,6448.447061538462,5453.434,5801.688,5226.449,6019.905588235294
2767377,2017-04-06,7,Produce,4642.27,1,51.69,0.0,0.0,0.0,0.0,0.0,0.0,0.0,0.0,0.0,0.0,0.0,6,3,4,2017,5511.033,4667.235,5731.913285714286,5754.143,5593.910222222222,5560.063,5842.387272727273,6049.692,6475.29883076923,8019.838,5946.034133333334,8308.755,5880.497176470588
2769159,2017-04-07,7,Produce,5270.312,1,52.25,0.0,0.0,0.0,0.0,0.0,0.0,0.0,0.0,0.0,0.0,0.0,7,4,4,2017,7768.92,5967.582,5815.320571428571,8037.803,5648.554777777778,6069.753,5851.788181818182,5932.761,6528.289753846154,4667.19,5790.285199999999,4464.98,5858.4043529411765
2770941,2017-04-08,7,Produce,4759.128,1,52.52,0.0,0.0,0.0,0.0,0.0,0.0,0.0,0.0,0.0,0.0,0.0,8,5,4,2017,4612.147,4499.858,5819.300142857143,4912.348,5760.496777777777,5470.888,5583.398999999999,5327.016,6523.260753846154,5824.525,5879.013,5786.669,5736.919411764706
2772723,2017-04-09,7,Produce,4645.635,1,52.79,0.0,0.0,0.0,0.0,0.0,0.0,0.0,0.0,0.0,0.0,0.0,9,6,4,2017,5154.822,5119.37,5722.361714285714,5402.993,5772.142777777778,7595.376,5731.756181818182,6512.253,6375.9026,5375.976,5852.609666666667,4655.004,5832.4360588235295
2774505,2017-04-10,7,Produce,4768.252,1,53.06,0.0,0.0,0.0,0.0,0.0,0.0,0.0,0.0,0.0,0.0,0.0,10,0,4,2017,5127.661,6522.534,5714.491999999999,4717.278,6087.295444444444,4484.822,5712.535454545455,5322.2188,6215.0624461538455,6053.604,5867.2988,5410.434,5806.512764705882
2776287,2017-04-11,7,Produce,4889.06,2,53.38,0.0,0.0,0.0,0.0,0.0,0.0,0.0,0.0,0.0,0.0,0.0,11,1,4,2017,5074.689,5511.033,5598.383428571428,6091.746,5966.52788888889,5903.905,5965.222181818182,7924.389,5846.720676923077,5792.31,5893.109533333333,6034.036,5828.45905882353
2778069,2017-04-12,7,Produce,6082.37,216,53.12,0.0,0.0,0.0,0.0,0.0,0.0,0.0,1.0,0.0,0.0,0.0,12,2,4,2017,5850.059,7768.92,5688.069571428571,5938.683,5736.503333333333,5096.665,5922.633727272727,4602.664,6095.977215384615,5622.068,5774.379933333333,5192.697,5929.068411764706
2779851,2017-04-13,7,Produce,4591.478,4,53.19,0.0,0.0,0.0,0.0,0.0,0.0,0.0,0.0,0.0,1.0,0.0,13,3,4,2017,5081.09,4612.147,5681.686571428571,5483.176,5690.671111111111,5342.419,5909.427272727273,5917.789,5969.071984615385,7471.457,5969.4511999999995,7599.794,5803.114188235294
2781633,2017-04-14,7,Produce,3075.636,5,53.0475,0.0,0.0,0.0,0.0,1.0,1.0,0.0,0.0,0.0,0.0,0.0,14,4,4,2017,8510.774,5154.822,5585.618714285714,8447.489,5659.157444444445,6725.06,5950.862636363637,5201.632,5918.375676923078,4814.393,5752.928400000001,4710.468,5841.153835294118
2783415,2017-04-15,7,Produce,4032.083,2,52.905,0.0,0.0,0.0,0.0,0.0,0.0,0.0,0.0,0.0,0.0,0.0,15,5,4,2017,4542.363,5127.661,5524.198285714286,4667.235,5859.741444444445,5162.115,5695.420454545455,5390.013,5906.639369230769,5290.605,5817.8008,5690.715,5672.345423529412
2785197,2017-04-16,7,Produce,5261.925,5,52.762499999999996,0.0,0.0,0.0,0.0,0.0,0.0,0.0,0.0,0.0,0.0,0.0,16,6,4,2017,6217.144,5074.689,5630.177428571428,5967.582,5795.217777777778,8206.378,5844.192272727272,6505.99,5852.421600000001,4883.183,5731.135133333333,5565.3,5736.152894117647
2786979,2017-04-17,7,Produce,7017.855,5,52.62,0.0,0.0,0.0,0.0,0.0,0.0,0.0,0.0,0.0,0.0,0.0,17,0,4,2017,6202.5522,5850.059,5620.208285714286,4499.858,5998.577444444444,5091.59,5795.456545454545,5505.932,5932.707,5715.166,5752.062999999999,6621.722,5738.176541176472
2788761,2017-04-18,7,Produce,5989.973,4,52.46,0.0,0.0,0.0,0.0,0.0,0.0,0.0,0.0,0.0,0.0,0.0,18,1,4,2017,5156.947,5081.09,5771.9685714285715,5119.37,5901.796444444444,5924.482,5990.182181818182,9055.354,5711.398692307692,6733.126,5737.797666666667,5472.46,5786.053423529412
2790543,2017-04-19,7,Produce,8162.841,226,50.49,0.0,0.0,0.0,0.0,0.0,0.0,0.0,0.0,0.0,0.0,0.0,19,2,4,2017,5598.476,8510.774,5925.5244571428575,6522.534,5535.944555555555,5926.677,5881.447545454545,4399.924,5987.710538461538,4898.824,5701.630266666666,5544.141,5963.099423529412
2792325,2017-04-20,7,Produce,4362.288,3,50.26,0.0,0.0,0.0,0.0,0.0,0.0,0.0,0.0,0.0,0.0,0.0,20,3,4,2017,4521.416,4542.363,5937.2756,5511.033,5587.102999999999,4785.512,5773.305727272727,5273.709,5883.025923076923,8379.503,5787.944933333333,7910.265,5874.99665882353
2794107,2017-04-21,7,Produce,5489.029,3,49.64,0.0,0.0,0.0,0.0,1.0,0.0,0.0,0.0,0.0,0.0,0.0,21,4,4,2017,7732.1357,6217.144,5901.335171428572,7768.92,5487.892666666667,6121.312,5720.622818181819,5174.444,5869.821076923077,4771.996,5587.9002,4459.0522,5871.564894117647
2795889,2017-04-22,7,Produce,5080.738,4,49.39333333333333,0.0,0.0,0.0,0.0,0.0,0.0,0.0,0.0,0.0,0.0,0.0,22,5,4,2017,4642.27,6202.5522,5821.381742857143,4612.147,5637.915,5367.812,5254.259909090909,5807.422,5818.14746153846,5640.276,5568.126933333334,5873.123,5702.180070588235
2797671,2017-04-23,7,Produce,4964.912,4,49.14666666666667,0.0,0.0,0.0,0.0,0.0,0.0,0.0,0.0,0.0,0.0,0.0,23,6,4,2017,5270.312,5156.947,5710.1477,5154.822,5633.661666666667,7238.647,5121.234636363636,6365.929,5765.818384615384,4524.54,5502.518866666667,5439.012,5777.003541176471
2799453,2017-04-24,7,Produce,5711.234,4,48.9,0.0,0.0,0.0,0.0,0.0,0.0,0.0,0.0,0.0,0.0,0.0,24,0,4,2017,4759.128,5598.476,5724.420128571429,5127.661,5854.577222222222,4146.338,5094.159272727273,5047.381,5806.822153846153,5689.894,5474.0561333333335,5549.707,5818.8485411764705
2801235,2017-04-25,7,Produce,5159.183,3,49.22,0.0,0.0,0.0,0.0,0.0,0.0,0.0,0.0,0.0,0.0,0.0,25,1,4,2017,4645.635,4521.416,5589.1584142857155,5074.689,5746.947222222221,5535.5,5491.073181818182,8194.718,5494.352999999999,5839.624,5380.315933333333,5821.071,5840.7936
2803017,2017-04-26,7,Produce,7716.1,225,49.22,0.0,0.0,0.0,0.0,0.0,0.0,0.0,0.0,0.0,0.0,0.0,26,2,4,2017,4768.252,7732.1357,5382.954957142857,5850.059,5574.527666666666,4582.603,5611.804181818182,4556.889,5793.951153846153,5249.799,5253.811466666667,5468.911,5931.79854117647
2804799,2017-04-27,7,Produce,4144.462,5,48.96,0.0,0.0,0.0,0.0,0.0,0.0,0.0,0.0,0.0,0.0,0.0,27,3,4,2017,4889.06,4642.27,5309.910385714285,5081.09,5751.239355555556,3076.386,5564.407181818182,5029.969,5780.060538461538,6916.788,5262.458799999999,8420.216,5888.667423529412
2806581,2017-04-28,7,Produce,5815.391,7,49.31,0.0,0.0,0.0,0.0,0.0,0.0,0.0,0.0,0.0,0.0,0.0,28,4,4,2017,6082.37,5270.312,5191.306957142857,8510.774,5751.475466666667,3628.312,5524.715636363637,4718.256,5795.375846153847,4470.786,4893.235066666666,4536.289,5911.634364705882
2808363,2017-04-29,7,Produce,5074.809,7,49.15,0.0,0.0,0.0,0.0,0.0,0.0,0.0,0.0,0.0,0.0,0.0,29,5,4,2017,4591.478,4759.128,5243.827528571429,4542.363,5803.788244444444,5626.653,5355.598818181818,5825.712,5766.099076923077,4517.794,4836.0017333333335,5134.357,5796.1121882352945
2810145,2017-04-30,7,Produce,4481.468,7,48.99,0.0,0.0,0.0,0.0,0.0,0.0,0.0,0.0,0.0,0.0,0.0,30,6,4,2017,3075.636,4645.635,5008.146714285715,6217.144,5742.3134666666665,10292.73,5488.760363636364,6038.981,5704.1093846153835,4306.484,4694.408133333333,4720.252,5764.544117647058
2811927,2017-05-01,7,Produce,5641.699,5,48.83,0.0,0.0,0.0,0.0,0.0,1.0,0.0,0.0,0.0,0.0,0.0,1,0,5,2017,4032.083,4768.252,5000.890714285714,6202.5522,5951.4331,6113.553,5508.637,4993.255,5782.753384615386,4456.242,4786.473133333334,5982.467,5792.326999999999
2813709,2017-05-02,7,Produce,6722.933,6,47.65,0.0,0.0,0.0,0.0,0.0,0.0,0.0,0.0,0.0,0.0,0.0,2,1,5,2017,5261.925,4889.06,4687.3655714285715,5156.947,5902.675322222221,5599.945,5822.7460909090905,8294.7,5573.227999999999,4309.063,4942.880133333334,6402.08,5760.204470588235
2815491,2017-05-03,7,Produce,8885.314,225,47.79,0.0,0.0,0.0,0.0,0.0,0.0,0.0,0.0,0.0,0.0,0.0,3,2,5,2017,7017.855,6082.37,4583.5019999999995,5598.476,5542.6239888888895,4931.205,5989.651727272727,5093.131,5806.957769230769,4835.559,4929.925066666666,5938.366,5917.861882352941
2817273,2017-05-04,7,Produce,4753.597,4,45.55,0.0,0.0,0.0,0.0,0.0,0.0,0.0,0.0,0.0,0.0,0.0,4,3,5,2017,5989.973,4591.478,4671.543428571429,4521.416,5566.7089888888895,5378.362,6150.986363636364,5373.543,5765.023384615385,5028.534,5126.637399999999,8168.806,5852.610058823529
2819055,2017-05-05,7,Produce,4969.597,2,46.23,0.0,0.0,0.0,0.0,0.0,0.0,0.0,0.0,0.0,0.0,0.0,5,4,5,2017,8162.841,3075.636,4992.915285714285,7732.1357,5392.096877777778,5611.115,6068.315909090909,5426.824,5856.227153846155,2841.147,4985.148,4739.231,5863.724529411765
2820837,2017-05-06,7,Produce,4974.549,2,46.306666666666665,0.0,0.0,0.0,0.0,0.0,0.0,0.0,0.0,0.0,0.0,0.0,6,5,5,2017,4362.288,4032.083,5150.188571428572,4642.27,5232.730188888889,5754.143,5686.408272727273,5560.063,5800.146615384616,3913.496,5062.944,5934.579,5678.969647058823
2822619,2017-05-07,7,Produce,5334.581,2,46.38333333333333,0.0,0.0,0.0,0.0,0.0,0.0,0.0,0.0,0.0,0.0,0.0,7,6,5,2017,5489.029,5261.925,5447.398714285714,5270.312,5202.964966666666,8037.803,5670.5109999999995,6069.753,5746.564923076923,3516.372,5104.036000000001,5946.388,5756.792294117647
2824401,2017-05-08,7,Produce,6210.908,2,46.46,0.0,0.0,0.0,0.0,0.0,0.0,0.0,0.0,0.0,0.0,0.0,8,0,5,2017,5080.738,7017.855,5414.657285714285,4759.128,5256.730966666667,4912.348,5659.895636363636,5470.888,5879.780692307692,5905.515,5209.510466666666,3922.395,5828.555470588235
2826183,2017-05-09,7,Produce,5562.381,2,45.84,0.0,0.0,0.0,0.0,0.0,0.0,0.0,0.0,0.0,0.0,0.0,9,1,5,2017,4964.912,5989.973,5759.4277142857145,4645.635,5264.5156333333325,5402.993,5979.557818181818,7595.376,5638.812615384615,8035.999,5348.887733333333,6345.432,5895.635823529411
2827965,2017-05-10,7,Produce,8256.35,234,47.28,0.0,0.0,0.0,0.0,0.0,0.0,0.0,0.0,0.0,0.0,0.0,10,2,5,2017,5711.234,8162.841,5909.235571428572,4768.252,4747.1267777777775,4717.278,5914.909909090909,4484.822,5878.293153846154,5645.298,5391.614933333333,4892.929,6020.478882352941
2829747,2017-05-11,7,Produce,4276.054,10,47.81,0.0,0.0,0.0,0.0,0.0,0.0,0.0,0.0,0.0,0.0,0.0,11,3,5,2017,5159.183,4362.288,5866.8051428571425,4889.06,4679.328222222222,6091.746,5947.316,5903.905,5856.604461538461,8200.484,5647.562599999999,8229.883,5936.580705882352
2831529,2017-05-12,7,Produce,6007.613,11,47.83,0.0,0.0,0.0,0.0,1.0,0.0,0.0,0.0,0.0,0.0,0.0,12,4,5,2017,7716.1,5489.029,5680.1449999999995,6082.37,4678.396333333334,5938.683,5833.29009090909,5096.665,5894.885846153847,4794.447,5674.357933333333,4711.79,5902.408529411764
2833311,2017-05-13,7,Produce,6251.803,10,48.17333333333333,0.0,1.0,0.0,0.0,0.0,0.0,0.0,0.0,0.0,0.0,0.0,13,5,5,2017,4144.462,5080.738,5561.460714285715,4591.478,4929.366,5483.176,5567.978,5342.419,5923.086923076923,5637.726,5839.5179333333335,5657.857,5742.706705882352
2835093,2017-05-14,7,Produce,4358.866,10,48.516666666666666,0.0,0.0,0.0,1.0,0.0,0.0,0.0,0.0,0.0,0.0,0.0,14,6,5,2017,5815.391,4964.912,5497.640571428572,3075.636,5078.736888888889,8447.489,5714.3585454545455,6725.06,5824.299153846154,5134.174,5908.201466666666,5279.383,5796.346058823529
2836875,2017-05-15,7,Produce,5346.339,8,48.86,0.0,0.0,0.0,0.0,0.0,0.0,0.0,0.0,0.0,0.0,0.0,15,0,5,2017,5074.809,5711.234,5466.522571428572,4032.083,5455.913444444444,4667.235,5724.180363636364,5162.115,5874.331769230769,5888.601,6052.691,5859.274,5819.405235294117
2838657,2017-05-16,7,Produce,5379.496,7,48.64,0.0,0.0,0.0,0.0,0.0,0.0,0.0,0.0,0.0,0.0,0.0,16,1,5,2017,4481.468,5159.183,5513.145714285713,5261.925,5397.383222222223,5967.582,6001.602363636364,8206.378,5702.980692307692,6546.901,6120.419066666666,6354.331,5752.354705882353
2840439,2017-05-17,7,Produce,7906.193,229,49.04,0.0,0.0,0.0,0.0,0.0,0.0,0.0,0.0,0.0,0.0,0.0,17,2,5,2017,5641.699,7716.1,5512.298714285715,7017.855,5331.456444444444,4499.858,5867.093363636363,5091.59,5914.813384615384,4949.971,5940.111866666667,5860.618,5951.828452941177
2842221,2017-05-18,7,Produce,4796.362,10,49.36,0.0,0.0,0.0,0.0,0.0,0.0,0.0,0.0,0.0,0.0,0.0,18,3,5,2017,6722.933,4144.462,5443.235285714286,5989.973,5385.818666666667,5119.37,5795.833272727273,5924.482,5779.615923076923,8674.774,6103.2878,8104.799,5858.922570588235
2844003,2017-05-19,7,Produce,5713.059,10,50.32,0.0,0.0,0.0,0.0,0.0,0.0,0.0,0.0,0.0,0.0,0.0,19,4,5,2017,8885.314,5815.391,5433.301714285714,8162.841,5595.738222222222,6522.534,5763.513727272727,5926.677,5813.372461538462,5430.464,5876.205199999999,4975.811,5891.634464705882
2845785,2017-05-20,7,Produce,4804.762,10,50.483333333333334,0.0,0.0,0.0,0.0,0.0,0.0,0.0,0.0,0.0,0.0,0.0,20,5,5,2017,4753.597,5074.809,5656.694571428571,4362.288,5782.310555555556,5511.033,5456.895545454545,4785.512,5754.925076923077,5318.547,5902.528733333332,5357.439,5671.444582352941
2847567,2017-05-21,7,Produce,5717.799,10,50.64666666666667,0.0,0.0,0.0,0.0,0.0,0.0,0.0,0.0,0.0,0.0,0.0,21,6,5,2017,4969.597,4481.468,5823.725142857143,5489.029,5770.894777777778,7768.92,5564.424999999999,6121.312,5474.257846153846,4943.749,5848.648933333333,5453.875,5664.654347058824
2849349,2017-05-22,7,Produce,5933.859,10,50.81,0.0,0.0,0.0,0.0,0.0,0.0,0.0,0.0,0.0,0.0,0.0,22,0,5,2017,4974.549,5641.699,5910.744428571429,5080.738,5848.477555555556,4612.147,5483.834818181818,5367.812,5356.273,5683.715,5865.244733333334,5651.1,5674.898582352942
2851131,2017-05-23,7,Produce,5382.376,10,51.12,0.0,0.0,0.0,0.0,0.0,0.0,0.0,0.0,0.0,0.0,0.0,23,1,5,2017,5334.581,6722.933,5789.916714285714,4964.912,5643.420777777778,5154.822,5848.463545454546,7238.647,5157.832615384615,6921.436,5924.5682,6326.585,5688.651170588236
2852913,2017-05-24,7,Produce,7983.256,218,50.99,0.0,0.0,0.0,0.0,0.0,0.0,0.0,0.0,1.0,0.0,0.0,24,2,5,2017,6210.908,8885.314,5775.593857142857,5711.234,5382.593,5127.661,5796.008363636363,4146.338,5557.920307692307,5331.391,5813.509666666667,4806.529,5864.362935294117
2854695,2017-05-25,7,Produce,4891.564,10,48.57,0.0,0.0,0.0,0.0,0.0,0.0,0.0,0.0,0.0,0.0,0.0,25,3,5,2017,5562.381,4753.597,5897.467142857143,5159.183,5461.762,5074.689,5768.245636363637,5535.5,5572.46423076923,8092.937,6009.986999999999,7313.4487,5815.229347058824
2856477,2017-05-26,7,Produce,4608.444,10,49.58,0.0,0.0,0.0,0.0,0.0,0.0,0.0,0.0,0.0,0.0,1.0,26,4,5,2017,8256.35,4969.597,5978.782714285715,7716.1,5349.810777777778,5850.059,5831.1110181818185,4582.603,5547.331,4794.245,5786.593333333333,4766.032,5775.678229411766
2858259,2017-05-27,7,Produce,4438.278,10,49.5925,0.0,0.0,0.0,0.0,0.0,0.0,0.0,0.0,0.0,0.0,0.0,27,5,5,2017,4276.054,4974.549,5812.989571428571,4144.462,5412.139777777778,5081.09,5593.658927272728,3076.386,5558.538153846153,5189.3,5781.6928,5449.0312,5567.065876470589
2860041,2017-05-28,7,Produce,4961.976,10,49.605000000000004,0.0,0.0,0.0,0.0,0.0,0.0,0.0,0.0,0.0,0.0,0.0,28,6,5,2017,6007.613,5334.581,5723.137571428572,5815.391,5607.475444444444,8510.774,5683.3252,3628.312,5501.388153846154,4829.529,5731.123799999999,4486.655,5569.379876470589
2861823,2017-05-29,7,Produce,6128.8,10,49.6175,0.0,0.0,0.0,0.0,0.0,0.0,0.0,0.0,0.0,0.0,0.0,29,0,5,2017,6251.803,6210.908,5654.917142857143,5074.809,5960.151,4542.363,5625.742836363636,5626.653,5520.103769230769,5383.111,5756.545866666666,4596.356,5637.574111764706
2863605,2017-05-30,7,Produce,5406.453,10,49.63,0.0,0.0,0.0,0.0,0.0,0.0,0.0,0.0,0.0,0.0,0.0,30,1,5,2017,4358.866,5562.381,5803.205142857143,4481.468,5915.085888888889,6217.144,5862.513263636364,10292.73,5405.911153846154,6778.453,5753.278066666667,5832.009,5623.925582352942
2865387,2017-05-31,7,Produce,7736.652,224,48.29,0.0,0.0,0.0,0.0,0.0,0.0,0.0,0.0,0.0,0.0,0.0,31,2,5,2017,5346.339,8256.35,5985.669999999999,5641.699,5609.918888888888,6202.5522,5823.202445454545,6113.553,5705.254615384615,4881.023,5578.722266666667,5513.177,5756.118994117647
2867169,2017-06-01,7,Produce,5350.121,1,48.32,0.0,0.0,0.0,0.0,0.0,0.0,0.0,0.0,0.0,0.0,0.0,1,3,6,2017,5379.496,4276.054,5846.282142857142,6722.933,5702.150777777777,5156.947,5770.498172727273,5599.945,5657.319846153846,7897.131,5772.1866,8846.374,5652.829170588236
2868951,2017-06-02,7,Produce,6125.586,0,47.68,0.0,0.0,0.0,0.0,0.0,0.0,0.0,0.0,0.0,0.0,0.0,2,4,6,2017,7906.193,6007.613,5722.772285714285,8885.314,5648.727444444445,5598.476,5741.2289,4931.205,5720.4267692307685,5323.869,5566.025066666667,5519.06,5710.8580529411765
2870733,2017-06-03,7,Produce,5435.489,0,47.586666666666666,0.0,0.0,0.0,0.0,0.0,0.0,0.0,0.0,0.0,0.0,0.0,3,5,6,2017,4796.362,6251.803,5696.6458571428575,4753.597,5774.960666666667,4521.416,5389.852627272728,5378.362,5846.649230769231,5356.956,5638.151199999999,5188.249,5576.790776470589
2872515,2017-06-04,7,Produce,5921.626,0,47.49333333333333,0.0,0.0,0.0,0.0,0.0,0.0,0.0,0.0,0.0,0.0,0.0,4,6,6,2017,5713.059,4358.866,5646.623428571429,4969.597,5895.062111111111,7732.1357,5410.387990909091,5611.115,6036.144153846153,4560.012,5611.057000000001,4558.389,5625.872894117647
2874297,2017-06-05,7,Produce,6462.502,0,47.4,0.0,0.0,0.0,0.0,0.0,0.0,0.0,0.0,0.0,0.0,0.0,5,0,6,2017,4804.762,5346.339,5720.953142857143,4974.549,6185.578888888889,4642.27,5289.653081818182,5754.143,6060.146461538461,5325.08,5640.797466666667,5015.149,5677.727
2876079,2017-06-06,7,Produce,5204.988,0,48.13,0.0,0.0,0.0,0.0,0.0,0.0,0.0,0.0,0.0,0.0,0.0,6,1,6,2017,5717.799,5379.496,5678.874000000001,5334.581,5913.703444444445,5270.312,5278.727427272727,8037.803,5690.180769230769,5634.698,5673.7,6516.741,5711.452117647059
2877861,2017-06-07,7,Produce,8787.458,219,45.8,0.0,0.0,0.0,0.0,0.0,0.0,0.0,0.0,0.0,0.0,0.0,7,2,6,2017,5933.859,7906.193,5472.153857142856,6210.908,5593.958888888889,4759.128,5227.321154545454,4912.348,5869.7143076923085,4303.099,5575.928733333333,5221.85,5900.697882352942
2879643,2017-06-08,7,Produce,4182.979,0,45.68,0.0,0.0,0.0,0.0,0.0,0.0,0.0,0.0,0.0,0.0,0.0,8,3,6,2017,5382.376,4796.362,5666.2871428571425,5562.381,5760.426222222222,4645.635,4997.972063636364,5402.993,5797.967384615385,8233.356,5741.279399999999,7898.388,5852.0149411764705
2881425,2017-06-09,7,Produce,5980.144,1,45.82,0.0,0.0,0.0,0.0,0.0,0.0,0.0,0.0,0.0,0.0,0.0,9,4,6,2017,7983.256,5713.059,5750.2185714285715,8256.35,5692.567222222223,4768.252,4953.487245454546,4717.278,5877.688692307692,5000.514,5545.2528,4570.658,5875.733882352941
2883207,2017-06-10,7,Produce,4831.553,0,45.913333333333334,0.0,0.0,0.0,0.0,0.0,0.0,0.0,0.0,0.0,0.0,0.0,10,5,6,2017,4891.564,4804.762,5750.629999999999,4276.054,5733.877222222222,4889.06,4728.922636363636,6091.746,5810.111461538462,5876.137,5549.534799999999,5793.02,5706.348588235294
2884989,2017-06-11,7,Produce,5389.892,0,46.00666666666667,0.0,0.0,0.0,0.0,0.0,0.0,0.0,0.0,0.0,0.0,0.0,11,6,6,2017,4608.444,5717.799,5761.639,6007.613,5738.867777777778,6082.37,4944.88490909091,5938.683,5772.2849230769225,4782.887,5513.465333333333,5034.305,5623.192705882354
2886771,2017-06-12,7,Produce,6145.279,1,46.1,0.0,0.0,0.0,0.0,0.0,0.0,0.0,0.0,0.0,0.0,0.0,12,0,6,2017,4438.278,5933.859,5775.239285714286,6251.803,5927.232777777778,4591.478,5010.308636363637,5483.176,5831.391923076923,5275.636,5534.657666666667,5600.428,5670.190117647059
2888553,2017-06-13,7,Produce,5561.711,1,46.41,0.0,0.0,0.0,0.0,0.0,0.0,0.0,0.0,0.0,0.0,0.0,13,1,6,2017,4961.976,5382.376,5617.437142857142,4358.866,5842.119555555556,3075.636,5319.7370909090905,8447.489,5637.025,5876.649,5535.4222666666665,6330.551,5701.77688235294
2890335,2017-06-14,7,Produce,7973.827,220,44.79,0.0,0.0,0.0,0.0,0.0,0.0,0.0,0.0,0.0,0.0,0.0,14,2,6,2017,6128.8,7983.256,5565.082285714286,5346.339,5559.531666666667,4032.083,5293.978272727272,4667.235,5856.761307692307,5311.884,5503.9724,5059.982,5881.631705882353
2892117,2017-06-15,7,Produce,4537.073,1,44.47,0.0,0.0,0.0,0.0,0.0,0.0,0.0,0.0,0.0,0.0,0.0,15,3,6,2017,5406.453,4891.564,5457.107571428572,5379.496,5618.276999999999,5261.925,5359.503454545455,5967.582,5795.927000000001,7361.283,5755.115266666666,7813.534,5764.020529411765
2893899,2017-06-16,7,Produce,5984.952,3,44.73,0.0,0.0,0.0,0.0,0.0,0.0,0.0,0.0,0.0,0.0,0.0,16,4,6,2017,7736.652,4608.444,5484.956285714286,7906.193,5586.075444444444,7017.855,5376.928727272727,4499.858,5829.584230769231,4956.732,5551.996933333333,5004.399,5753.728647058822
2895681,2017-06-17,7,Produce,6087.354,3,44.56666666666666,0.0,0.0,0.0,0.0,0.0,0.0,0.0,0.0,0.0,0.0,0.0,17,5,6,2017,5350.121,4438.278,5488.395857142858,4796.362,5550.748333333333,5989.973,5275.341636363636,5119.37,5755.423846153846,5388.099,5624.7644,5916.399,5575.151882352941
2897463,2017-06-18,7,Produce,4604.554,3,44.403333333333336,0.0,0.0,0.0,0.0,0.0,0.0,0.0,0.0,0.0,0.0,0.0,18,6,6,2017,6125.586,4961.976,5453.166714285714,5713.059,5664.471666666666,8162.841,5377.137636363636,6522.534,5688.9627692307695,4815.914,5574.373866666666,5966.824,5598.120823529411
2899245,2017-06-19,7,Produce,6439.826,3,44.24,0.0,0.0,0.0,0.0,0.0,0.0,0.0,0.0,0.0,0.0,0.0,19,0,6,2017,5435.489,6128.8,5518.674857142857,4804.762,5957.462444444444,4362.288,5566.551,5511.033,5717.184538461539,4877.897,5567.066999999999,4105.41,5582.677529411765
2901027,2017-06-20,7,Produce,5052.138,3,43.34,0.0,0.0,0.0,0.0,0.0,0.0,0.0,0.0,0.0,0.0,0.0,20,1,6,2017,5921.626,5406.453,5735.409428571429,5717.799,5903.247777777778,5489.029,5901.461636363637,7768.92,5458.2307692307695,5336.549,5509.636933333333,5987.205,5554.311117647058
2902809,2017-06-21,7,Produce,8340.397,229,42.48,0.0,0.0,0.0,0.0,0.0,0.0,0.0,0.0,0.0,0.0,0.0,21,2,6,2017,6462.502,7736.652,5877.8681428571435,5933.859,5536.831222222222,5080.738,5799.874090909091,4612.147,5753.887615384615,5162.95,5472.605133333333,5095.364,5643.635705882353
2904591,2017-06-22,7,Produce,4839.671,3,42.53,0.0,0.0,0.0,0.0,0.0,0.0,0.0,0.0,0.0,0.0,0.0,22,3,6,2017,5204.988,5350.121,6014.961,5382.376,5497.04411111111,4964.912,5690.559181818182,5154.822,5644.255384615385,8070.242,5402.052266666667,8072.681,5525.087823529412
2906373,2017-06-23,7,Produce,5892.915,2,42.86,0.0,0.0,0.0,0.0,1.0,0.0,0.0,0.0,0.0,0.0,0.0,23,4,6,2017,8787.458,6125.586,6062.6327142857135,7983.256,5413.590444444444,5711.234,5607.362454545455,5127.661,5776.354307692308,5186.581,5259.893866666667,4517.351,5572.320352941177
2908155,2017-06-24,7,Produce,4835.608,1,42.986666666666665,0.0,0.0,0.0,0.0,0.0,0.0,0.0,0.0,0.0,0.0,0.0,24,5,6,2017,4182.979,5435.489,6033.852,4891.564,5560.705777777778,5159.183,5272.692181818182,5074.689,5859.676015384615,6092.026,5280.579,5046.888,5396.986352941176
2909937,2017-06-25,7,Produce,4955.966,1,43.11333333333334,0.0,0.0,0.0,0.0,2.0,0.0,1.0,0.0,0.0,0.0,0.0,25,6,6,2017,5980.144,5921.626,6183.967142857144,4608.444,5526.111777777779,7716.1,5389.002272727273,5850.059,5754.630861538461,5120.279,5408.417,4862.583,5397.113705882352
2911719,2017-06-26,7,Produce,6421.093,1,43.24,0.0,0.0,0.0,0.0,0.0,0.0,0.0,0.0,0.0,0.0,0.0,26,0,6,2017,4831.553,6462.502,6017.232571428572,4438.278,5726.422111111111,4144.462,5501.175363636364,5081.09,5761.357246153847,4673.284,5660.483533333333,4961.13,5405.359588235294
2913501,2017-06-27,7,Produce,4931.654,1,44.25,0.0,0.0,0.0,0.0,0.0,0.0,0.0,0.0,0.0,0.0,0.0,27,1,6,2017,5389.892,5204.988,5996.455142857143,4961.976,5722.838222222223,5815.391,5847.04590909091,8510.774,5511.549246153847,4414.185,6021.582066666667,5530.484,5352.357
2915283,2017-06-28,7,Produce,8227.556,233,44.74,0.0,0.0,0.0,0.0,0.0,0.0,0.0,0.0,0.0,0.0,0.0,28,2,6,2017,6145.279,8787.458,5910.178571428572,6128.8,5516.430444444445,5074.809,5827.835454545455,4542.363,5751.548376923077,5321.172,6053.480066666667,4552.076,5540.3651176470585
2917065,2017-06-29,7,Produce,4723.5,9,44.88,0.0,0.0,0.0,0.0,0.0,0.0,0.0,0.0,0.0,0.0,0.0,29,3,6,2017,5561.711,4182.979,5834.216571428572,5406.453,5576.866555555555,4481.468,5760.413909090909,6217.144,5712.1213,4253.591,6112.5962,7118.946,5446.368176470588
2918847,2017-06-30,7,Produce,5115.395,9,46.02,0.0,0.0,0.0,0.0,0.0,0.0,0.0,0.0,0.0,0.0,0.0,30,4,6,2017,7973.827,5980.144,5788.899,7736.652,5722.775666666666,5641.699,5743.629,6202.5522,5723.094453846154,5228.907,5970.097466666667,4315.237,5468.86094117647
2920629,2017-07-01,7,Produce,4773.441,8,45.838,0.0,0.0,0.0,0.0,0.0,0.0,0.0,0.0,0.0,0.0,0.0,1,5,7,2017,4537.073,4831.553,5839.859428571429,5350.121,5947.689444444444,6722.933,5527.127272727273,5156.947,5698.820530769231,5267.009,5979.4598,5862.935,5266.47194117647
2922411,2017-07-02,7,Produce,5222.637,9,45.656,0.0,0.0,0.0,0.0,0.0,0.0,0.0,0.0,0.0,0.0,0.0,2,6,7,2017,5984.952,5389.892,5723.626428571429,6125.586,5974.690777777778,8885.314,5714.986,5598.476,5606.17253076923,7305.669,6007.474933333333,4832.856,5299.855647058824
2924193,2017-07-03,7,Produce,6825.058,11,45.474000000000004,0.0,0.0,0.0,0.0,2.0,0.0,0.0,0.0,0.0,0.0,0.0,3,0,7,2017,6087.354,6145.279,5774.211285714286,5435.489,6270.097222222223,4753.597,5691.985090909091,4521.416,5582.108069230769,8596.912,6020.937586666667,5006.564,5302.712294117647
2925975,2017-07-04,7,Produce,5677.736,9,45.292,0.0,0.0,0.0,0.0,0.0,0.0,0.0,0.0,0.0,0.0,0.0,4,1,7,2017,4604.554,5561.711,5774.898142857143,5921.626,6134.1556666666675,4969.597,5981.216090909092,7732.1357,5303.514684615385,10294.375,6237.677920000001,6056.579,5290.589764705882
2927757,2017-07-05,7,Produce,7168.129,230,45.11,0.0,0.0,0.0,0.0,0.0,0.0,0.0,0.0,0.0,0.0,0.0,5,2,7,2017,6439.826,7973.827,5954.298285714286,6462.502,5938.988111111112,4974.549,5962.542090909091,4642.27,5421.976761538462,5815.019,6250.243186666666,5065.78,5401.638882352941
2929539,2017-07-06,7,Produce,4822.81,13,45.52,0.0,0.0,0.0,0.0,0.0,0.0,0.0,0.0,0.0,0.0,0.0,6,3,7,2017,5052.138,4537.073,5842.107142857143,5204.988,5881.3694444444445,5334.581,5995.807,5270.312,5296.925530769231,6049.692,6290.017653333333,7301.548,5339.850058823529
2931321,2017-07-07,7,Produce,5540.8022,13,44.25,0.0,0.0,0.0,0.0,0.0,0.0,0.0,0.0,0.0,0.0,0.0,7,4,7,2017,8340.397,5984.952,5884.185285714286,8787.458,5799.625666666667,6210.908,5952.977,4759.128,5056.393515384615,5932.761,6353.220386666667,4389.257,5376.705176470589
2933103,2017-07-08,7,Produce,4650.739,13,44.3,0.0,0.0,0.0,0.0,0.0,0.0,0.0,0.0,0.0,0.0,0.0,8,5,7,2017,4839.671,6087.354,5811.389142857142,4182.979,5878.491222222223,5562.381,5541.481727272728,4645.635,4969.865515384616,5327.016,6363.9607866666665,5477.741,5232.327941176471
2934885,2017-07-09,7,Produce,4785.489,13,44.35,0.0,0.0,0.0,0.0,0.0,0.0,0.0,0.0,0.0,0.0,0.0,9,6,7,2017,5892.915,4604.554,5863.756285714286,5980.144,5838.500666666668,8256.35,5595.367363636364,4768.252,4943.976976923077,6512.253,6446.55952,4632.068,5237.376176470589
2936667,2017-07-10,7,Produce,5564.988,13,44.4,0.0,0.0,0.0,0.0,0.0,0.0,0.0,0.0,0.0,0.0,0.0,10,0,7,2017,4835.608,6439.826,5906.984571428572,4831.553,6006.425666666667,4276.054,5632.630909090909,4889.06,5136.010746153846,5322.2188,6326.5770533333325,5084.874,5223.637882352941
2938449,2017-07-11,7,Produce,4637.932,14,45.06,0.0,0.0,0.0,0.0,0.0,0.0,0.0,0.0,0.0,0.0,0.0,11,1,7,2017,4955.966,5052.138,5893.836428571429,5389.892,5932.212888888888,6007.613,5899.144,6082.37,5001.998230769231,7924.389,6357.139853333333,5095.451,5219.013176470588
2940231,2017-07-12,7,Produce,7415.343,228,45.48,0.0,0.0,0.0,0.0,0.0,0.0,0.0,0.0,0.0,0.0,0.0,12,2,7,2017,6421.093,8340.397,5715.015571428572,6145.279,5620.823333333334,6251.803,5850.215,4591.478,5272.811384615386,4602.664,5964.1764533333335,4656.5,5334.592705882353
2942013,2017-07-13,7,Produce,4175.516,5,46.06,0.0,0.0,0.0,0.0,0.0,0.0,0.0,0.0,0.0,0.0,0.0,13,3,7,2017,4931.654,4839.671,5765.217285714287,5561.711,5832.420555555556,4358.866,5804.956,3075.636,5202.963384615384,5917.789,5928.08912,6848.965,5203.103588235294
2943795,2017-07-14,7,Produce,5393.324,5,46.53,0.0,0.0,0.0,0.0,0.0,0.0,0.0,0.0,0.0,0.0,0.0,14,4,7,2017,8227.556,5892.915,5762.541142857143,7973.827,5679.577222222222,5346.339,5736.081545454545,4032.083,5259.109615384616,5201.632,5869.739253333333,4480.074,5203.0068411764705
2945577,2017-07-15,7,Produce,4572.948,5,46.36,0.0,0.0,0.0,0.0,0.0,0.0,0.0,0.0,0.0,0.0,0.0,15,5,7,2017,4723.5,4835.608,5745.329142857144,4537.073,5858.274222222222,5379.496,5505.304181818182,5261.925,5292.579076923076,5390.013,5861.38332,5178.613,5035.1278999999995
2947359,2017-07-16,7,Produce,4938.595,3,46.190000000000005,0.0,0.0,0.0,0.0,0.0,0.0,0.0,0.0,0.0,0.0,0.0,16,6,7,2017,5115.395,4955.966,5729.209000000001,5984.952,5820.746,7906.193,5656.013727272728,7017.855,5307.706769230769,6505.99,5930.644186666667,4664.533,5051.032076470588
2949141,2017-07-17,7,Produce,5761.695,2,46.02,0.0,0.0,0.0,0.0,0.0,0.0,0.0,0.0,0.0,0.0,0.0,17,0,7,2017,4773.441,6421.093,5712.613142857143,6087.354,6064.648,4796.362,5599.174,5989.973,5370.950923076923,5505.932,5832.986053333333,4401.057,5055.178017647059
2950923,2017-07-18,7,Produce,4519.371,3,46.4,0.0,0.0,0.0,0.0,0.0,0.0,0.0,0.0,0.0,0.0,0.0,18,1,7,2017,5222.637,4931.654,5601.538857142857,4604.554,5984.421333333334,5713.059,5756.578818181818,8162.841,5299.9365384615385,9055.354,6024.486000000001,5629.384,5035.77784117647
2952705,2017-07-19,7,Produce,6755.075,227,47.1,0.0,0.0,0.0,0.0,0.0,0.0,0.0,0.0,0.0,0.0,0.0,19,2,7,2017,6825.058,8227.556,5592.657857142856,6439.826,5753.208888888889,4804.762,5805.005909090909,4362.288,5540.292076923078,4399.924,5799.986000000001,4754.236,5116.800135294117
2954487,2017-07-20,7,Produce,4186.391,9,46.73,0.0,0.0,0.0,0.0,0.0,0.0,0.0,0.0,0.0,0.0,0.0,20,3,7,2017,5677.736,4723.5,5630.753714285714,5052.138,5786.379444444446,5717.799,5737.924545454545,5489.029,5622.509461538462,5273.709,5828.473,6971.416,5047.989488235294
2956269,2017-07-21,7,Produce,4820.224,9,45.78,0.0,0.0,0.0,0.0,0.0,0.0,0.0,0.0,0.0,0.0,0.0,21,4,7,2017,7168.129,5115.395,5688.463000000001,8340.397,5672.047666666667,5933.859,5652.359272727273,5080.738,5759.687000000001,5174.444,5748.504133333333,3821.264,5021.35295882353
2958051,2017-07-22,7,Produce,4428.469,10,45.92333333333333,0.0,0.0,0.0,0.0,0.0,0.0,0.0,0.0,0.0,0.0,0.0,22,5,7,2017,4822.81,4773.441,5795.046142857143,4839.671,5709.129777777778,5382.376,5384.703181818182,4964.912,5745.293461538462,5807.422,5790.109466666666,5064.1353,4863.447664705883
2959833,2017-07-23,7,Produce,4601.534,9,46.06666666666667,0.0,0.0,0.0,0.0,1.0,0.0,0.0,0.0,0.0,0.0,0.0,23,6,7,2017,5540.8022,5222.637,5643.699428571429,5892.915,5745.474222222223,7983.256,5505.833909090909,5711.234,5550.186769230771,6365.929,5833.373999999999,4447.606,4837.565429411765
2961615,2017-07-24,7,Produce,5261.019,9,46.21,1.0,0.0,0.0,0.0,0.0,0.0,0.0,0.0,0.0,0.0,0.0,24,0,7,2017,4650.739,6825.058,5657.886571428571,4835.608,5944.110888888889,4891.564,5477.960636363636,5159.183,5523.396461538462,5047.381,5732.525,4659.628,4877.969547058823
2963397,2017-07-25,7,Produce,4514.515,10,47.77,1.0,0.0,0.0,0.0,0.0,0.0,0.0,0.0,0.0,0.0,0.0,25,1,7,2017,4785.489,5677.736,5718.659028571428,4955.966,5907.5955555555565,4608.444,5744.496090909091,7716.1,5412.634307692308,8194.718,5918.442866666667,5548.222,4859.487723529412
2965179,2017-07-26,7,Produce,6437.335,229,48.58,0.0,0.0,0.0,0.0,0.0,0.0,0.0,0.0,0.0,0.0,0.0,26,2,7,2017,5564.988,7168.129,5701.130171428572,6421.093,5549.262,4438.278,5711.070818181818,4144.462,5760.559384615384,4556.889,5654.294666666667,4302.265,5026.32678235294
2966961,2017-07-27,7,Produce,4330.829,12,49.05,0.0,0.0,0.0,0.0,0.0,0.0,0.0,0.0,0.0,0.0,0.0,27,3,7,2017,4637.932,4822.81,5638.680457142857,4931.654,5541.903111111111,4961.976,5728.500545454545,5815.391,5703.987692307694,5029.969,5719.2026000000005,6462.253,4920.240547058824
2968743,2017-07-28,7,Produce,4730.882,13,49.72,0.0,0.0,0.0,0.0,0.0,0.0,0.0,0.0,0.0,0.0,0.0,28,4,7,2017,7415.343,5540.8022,5458.670457142857,8227.556,5467.427777777778,6128.8,5733.329000000001,5074.809,5695.438384615385,4718.256,5729.410266666668,3925.67,4913.139035294117
2970525,2017-07-29,7,Produce,4421.372,13,49.88333333333333,0.0,0.0,0.0,0.0,0.0,0.0,0.0,0.0,0.0,0.0,0.0,29,5,7,2017,4175.516,4650.739,5310.127028571429,4723.5,5688.477777777777,5406.453,5545.908090909091,4481.468,5696.179692307692,5825.712,5755.1182,4203.679,4735.304152941177
2972307,2017-07-30,7,Produce,4362.35,12,50.04666666666667,0.0,0.0,0.0,0.0,0.0,0.0,0.0,0.0,0.0,0.0,0.0,30,6,7,2017,5393.324,4785.489,5345.443314285714,5115.395,5768.674444444445,7736.652,5688.720636363637,5641.699,5667.206384615385,6038.981,5772.6069333333335,4164.575,4772.107505882353
2974089,2017-07-31,7,Produce,5494.91,12,50.21,0.0,0.0,0.0,0.0,0.0,0.0,0.0,0.0,0.0,0.0,0.0,31,0,7,2017,4572.948,5564.988,5252.972742857142,4773.441,5851.678444444445,5350.121,5742.95190909091,6722.933,5748.108307692308,4993.255,5712.937533333333,4040.076,4783.490194117647
2975871,2017-08-01,7,Produce,5205.55,12,49.19,0.0,0.0,0.0,0.0,0.0,0.0,0.0,0.0,0.0,0.0,0.0,1,1,8,2017,4938.595,4637.932,5231.904428571428,5222.637,5839.584666666667,6125.586,6138.33190909091,8885.314,5582.437615384615,8294.7,5882.803866666667,5865.483,4791.5159
2977653,2017-08-02,7,Produce,7296.731,236,49.6,0.0,0.0,0.0,0.0,0.0,0.0,0.0,0.0,0.0,0.0,0.0,2,2,8,2017,5761.695,7415.343,5220.791428571429,6825.058,5541.056466666666,5435.489,6067.514000000001,4753.597,5898.7366923076925,5093.131,5635.477466666666,4350.342,4865.468370588235
2979435,2017-08-03,7,Produce,4388.291,10,49.03,0.0,0.0,0.0,0.0,0.0,0.0,0.0,0.0,0.0,0.0,0.0,3,3,8,2017,4519.371,4175.516,5242.663714285714,5677.736,5532.971911111111,5921.626,6053.999818181819,4969.597,5780.326153846154,5373.543,5725.278533333333,7237.321,4798.90784117647
2981217,2017-08-04,7,Produce,4449.373,10,49.57,0.0,0.0,0.0,0.0,0.0,0.0,0.0,0.0,0.0,0.0,0.0,4,4,8,2017,6755.075,5393.324,5270.764714285715,7168.129,5496.315688888889,6462.502,6001.736181818183,4974.549,5852.0803076923075,5426.824,5729.724933333333,3825.918,4785.177194117647
2982999,2017-08-05,7,Produce,4185.951,5,49.50333333333333,0.0,0.0,0.0,0.0,1.0,0.0,0.0,0.0,0.0,0.0,0.0,5,5,8,2017,4186.391,4572.948,5253.827428571429,4822.81,5584.265355555555,5204.988,5788.394363636364,5334.581,5988.259923076923,5560.063,5771.335800000001,4633.5103,4630.836252941176
2984781,2017-08-06,7,Produce,4308.022,5,49.43666666666667,0.0,0.0,0.0,0.0,0.0,0.0,0.0,0.0,0.0,0.0,0.0,6,6,8,2017,4820.224,4938.595,5159.503428571428,5540.8022,5519.298133333334,8787.458,5860.681454545455,6210.908,5889.580461538461,6069.753,5831.292333333334,3948.223,4631.6319
2986563,2017-08-07,7,Produce,5247.402,5,49.37,0.0,0.0,0.0,0.0,0.0,0.0,0.0,0.0,0.0,0.0,0.0,7,0,8,2017,4428.469,5761.695,5161.057,4650.739,5584.885355555556,4182.979,5809.4200909090905,5562.381,5783.688615384615,5470.888,5772.834600000001,4446.921,4704.079076470588
2988345,2017-08-08,7,Produce,4352.082,5,49.07,0.0,0.0,0.0,0.0,0.0,0.0,0.0,0.0,0.0,0.0,0.0,8,1,8,2017,4601.534,4519.371,5079.185571428571,4785.489,5417.972022222221,5980.144,6040.178090909091,8256.35,5514.010307692308,7595.376,5987.0428,5257.641,4782.30384117647
2990127,2017-08-09,7,Produce,6383.816,231,49.59,0.0,0.0,0.0,0.0,0.0,0.0,0.0,0.0,0.0,0.0,0.0,9,2,8,2017,5261.019,6755.075,5058.545714285714,5564.988,5220.771466666666,4831.553,5914.309636363637,4276.054,5756.517692307692,4484.822,5773.502133333333,4584.043,4929.371017647059
2991909,2017-08-10,7,Produce,3838.226,5,48.54,0.0,0.0,0.0,0.0,0.0,0.0,0.0,0.0,1.0,0.0,0.0,10,3,8,2017,4514.515,4186.391,5010.3941428571425,4637.932,5193.0090222222225,5389.892,5870.896000000001,6007.613,5743.191923076923,5903.905,5828.925533333333,5916.82,4835.353135294117
2993691,2017-08-11,7,Produce,3733.525,5,48.81,0.0,0.0,0.0,0.0,0.0,0.0,0.0,0.0,0.0,0.0,1.0,11,4,8,2017,6437.335,4820.224,4938.869,7415.343,5126.097111111111,6145.279,5951.111090909091,6251.803,5800.000384615385,5096.665,5865.8011333333325,4416.693,4878.046882352941
2995473,2017-08-12,7,Produce,3984.352,6,48.403333333333336,0.0,0.0,0.0,0.0,0.0,0.0,0.0,0.0,0.0,0.0,0.0,12,5,8,2017,4330.829,4428.469,4938.175285714286,4175.516,5249.536666666667,5561.711,5570.847090909091,4358.866,5759.245076923077,5342.419,5823.0470000000005,4068.844,4745.939823529412
2997255,2017-08-13,7,Produce,4015.785,6,47.99666666666667,0.0,0.0,0.0,0.0,0.0,0.0,0.0,0.0,0.0,0.0,0.0,13,6,8,2017,4730.882,4601.534,4892.783857142857,5393.324,5219.968,7973.827,5776.015,5346.339,5721.313615384615,6725.06,5860.4636,3838.457,4844.257058823529
2999037,2017-08-14,7,Produce,5838.443,6,47.59,0.0,0.0,0.0,0.0,0.0,0.0,0.0,0.0,0.0,0.0,0.0,14,0,8,2017,4421.372,5261.019,4913.417857142857,4572.948,5352.199888888888,4537.073,5691.650818181818,5379.496,5749.888846153846,5162.115,5813.667533333332,3939.196,4919.776923529412
3000819,2017-08-15,7,Produce,5113.961,6,47.57,0.0,0.0,0.0,0.0,1.0,0.0,0.0,0.0,0.0,0.0,0.0,15,1,8,2017,4362.35,4514.515,4900.654714285714,4938.595,5302.028666666667,5984.952,6010.636636363636,7906.193,5528.813923076924,8206.378,5931.518133333333,5435.281,4984.1938058823525
